/*--------------------------------*- C++ -*----------------------------------*\
| =========                 |                                                 |
| \\      /  F ield         | foam-extend: Open Source CFD                    |
|  \\    /   O peration     | Version:     4.0                                |
|   \\  /    A nd           | Web:         http://www.foam-extend.org         |
|    \\/     M anipulation  |                                                 |
\*---------------------------------------------------------------------------*/
FoamFile
{
    version     2.0;
    format      ascii;
    class       vectorField;
    location    "constant/polyMesh";
    object      points;
}
// * * * * * * * * * * * * * * * * * * * * * * * * * * * * * * * * * * * * * //


1496
(
(0.0008232233 0.0008232233 0)
(0.00084090098 0.00084090098 0)
(0.00085857866 0.00085857866 0)
(0.00087625634 0.00087625634 0)
(0.00089393402 0.00089393402 0)
(0.0009116117 0.0009116117 0)
(0.0007772483671 0.0008865023733 0)
(0.0008041210336 0.0008985953027 0)
(0.0008309937002 0.000910688232 0)
(0.0008578663668 0.0009227811613 0)
(0.0008847390334 0.0009348740907 0)
(0.0009116117 0.00094696702 0)
(0.0007530779146 0.0009608913834 0)
(0.0007847846717 0.0009651775747 0)
(0.0008164914288 0.000969463766 0)
(0.0008481981859 0.0009737499573 0)
(0.0008799049429 0.0009780361487 0)
(0.0009116117 0.00098232234 0)
(0.0007530779146 0.001039108617 0)
(0.0007847846717 0.001034822425 0)
(0.0008164914288 0.001030536234 0)
(0.0008481981859 0.001026250043 0)
(0.0008799049429 0.001021963851 0)
(0.0009116117 0.00101767766 0)
(0.0007772483671 0.001113497627 0)
(0.0008041210336 0.001101404697 0)
(0.0008309937002 0.001089311768 0)
(0.0008578663668 0.001077218839 0)
(0.0008847390334 0.001065125909 0)
(0.0009116117 0.00105303298 0)
(0.0008232233 0.0011767767 0)
(0.00084090098 0.00115909902 0)
(0.00085857866 0.00114142134 0)
(0.00087625634 0.00112374366 0)
(0.00089393402 0.00110606598 0)
(0.0009116117 0.0010883883 0)
(0.0008232233 0.0008232233 0.00015)
(0.00084090098 0.00084090098 0.00015)
(0.00085857866 0.00085857866 0.00015)
(0.00087625634 0.00087625634 0.00015)
(0.00089393402 0.00089393402 0.00015)
(0.0009116117 0.0009116117 0.00015)
(0.0007772483671 0.0008865023733 0.00015)
(0.0008041210336 0.0008985953027 0.00015)
(0.0008309937002 0.000910688232 0.00015)
(0.0008578663668 0.0009227811613 0.00015)
(0.0008847390334 0.0009348740907 0.00015)
(0.0009116117 0.00094696702 0.00015)
(0.0007530779146 0.0009608913834 0.00015)
(0.0007847846717 0.0009651775747 0.00015)
(0.0008164914288 0.000969463766 0.00015)
(0.0008481981859 0.0009737499573 0.00015)
(0.0008799049429 0.0009780361487 0.00015)
(0.0009116117 0.00098232234 0.00015)
(0.0007530779146 0.001039108617 0.00015)
(0.0007847846717 0.001034822425 0.00015)
(0.0008164914288 0.001030536234 0.00015)
(0.0008481981859 0.001026250043 0.00015)
(0.0008799049429 0.001021963851 0.00015)
(0.0009116117 0.00101767766 0.00015)
(0.0007772483671 0.001113497627 0.00015)
(0.0008041210336 0.001101404697 0.00015)
(0.0008309937002 0.001089311768 0.00015)
(0.0008578663668 0.001077218839 0.00015)
(0.0008847390334 0.001065125909 0.00015)
(0.0009116117 0.00105303298 0.00015)
(0.0008232233 0.0011767767 0.00015)
(0.00084090098 0.00115909902 0.00015)
(0.00085857866 0.00114142134 0.00015)
(0.00087625634 0.00112374366 0.00015)
(0.00089393402 0.00110606598 0.00015)
(0.0009116117 0.0010883883 0.00015)
(0.0008232233 0.0008232233 0.0003)
(0.00084090098 0.00084090098 0.0003)
(0.00085857866 0.00085857866 0.0003)
(0.00087625634 0.00087625634 0.0003)
(0.00089393402 0.00089393402 0.0003)
(0.0009116117 0.0009116117 0.0003)
(0.0007772483671 0.0008865023733 0.0003)
(0.0008041210336 0.0008985953027 0.0003)
(0.0008309937002 0.000910688232 0.0003)
(0.0008578663668 0.0009227811613 0.0003)
(0.0008847390334 0.0009348740907 0.0003)
(0.0009116117 0.00094696702 0.0003)
(0.0007530779146 0.0009608913834 0.0003)
(0.0007847846717 0.0009651775747 0.0003)
(0.0008164914288 0.000969463766 0.0003)
(0.0008481981859 0.0009737499573 0.0003)
(0.0008799049429 0.0009780361487 0.0003)
(0.0009116117 0.00098232234 0.0003)
(0.0007530779146 0.001039108617 0.0003)
(0.0007847846717 0.001034822425 0.0003)
(0.0008164914288 0.001030536234 0.0003)
(0.0008481981859 0.001026250043 0.0003)
(0.0008799049429 0.001021963851 0.0003)
(0.0009116117 0.00101767766 0.0003)
(0.0007772483671 0.001113497627 0.0003)
(0.0008041210336 0.001101404697 0.0003)
(0.0008309937002 0.001089311768 0.0003)
(0.0008578663668 0.001077218839 0.0003)
(0.0008847390334 0.001065125909 0.0003)
(0.0009116117 0.00105303298 0.0003)
(0.0008232233 0.0011767767 0.0003)
(0.00084090098 0.00115909902 0.0003)
(0.00085857866 0.00114142134 0.0003)
(0.00087625634 0.00112374366 0.0003)
(0.00089393402 0.00110606598 0.0003)
(0.0009116117 0.0010883883 0.0003)
(0.0008232233 0.0008232233 0.00045)
(0.00084090098 0.00084090098 0.00045)
(0.00085857866 0.00085857866 0.00045)
(0.00087625634 0.00087625634 0.00045)
(0.00089393402 0.00089393402 0.00045)
(0.0009116117 0.0009116117 0.00045)
(0.0007772483671 0.0008865023733 0.00045)
(0.0008041210336 0.0008985953027 0.00045)
(0.0008309937002 0.000910688232 0.00045)
(0.0008578663668 0.0009227811613 0.00045)
(0.0008847390334 0.0009348740907 0.00045)
(0.0009116117 0.00094696702 0.00045)
(0.0007530779146 0.0009608913834 0.00045)
(0.0007847846717 0.0009651775747 0.00045)
(0.0008164914288 0.000969463766 0.00045)
(0.0008481981859 0.0009737499573 0.00045)
(0.0008799049429 0.0009780361487 0.00045)
(0.0009116117 0.00098232234 0.00045)
(0.0007530779146 0.001039108617 0.00045)
(0.0007847846717 0.001034822425 0.00045)
(0.0008164914288 0.001030536234 0.00045)
(0.0008481981859 0.001026250043 0.00045)
(0.0008799049429 0.001021963851 0.00045)
(0.0009116117 0.00101767766 0.00045)
(0.0007772483671 0.001113497627 0.00045)
(0.0008041210336 0.001101404697 0.00045)
(0.0008309937002 0.001089311768 0.00045)
(0.0008578663668 0.001077218839 0.00045)
(0.0008847390334 0.001065125909 0.00045)
(0.0009116117 0.00105303298 0.00045)
(0.0008232233 0.0011767767 0.00045)
(0.00084090098 0.00115909902 0.00045)
(0.00085857866 0.00114142134 0.00045)
(0.00087625634 0.00112374366 0.00045)
(0.00089393402 0.00110606598 0.00045)
(0.0009116117 0.0010883883 0.00045)
(0.0008232233 0.0008232233 0.0006)
(0.00084090098 0.00084090098 0.0006)
(0.00085857866 0.00085857866 0.0006)
(0.00087625634 0.00087625634 0.0006)
(0.00089393402 0.00089393402 0.0006)
(0.0009116117 0.0009116117 0.0006)
(0.0007772483671 0.0008865023733 0.0006)
(0.0008041210336 0.0008985953027 0.0006)
(0.0008309937002 0.000910688232 0.0006)
(0.0008578663668 0.0009227811613 0.0006)
(0.0008847390334 0.0009348740907 0.0006)
(0.0009116117 0.00094696702 0.0006)
(0.0007530779146 0.0009608913834 0.0006)
(0.0007847846717 0.0009651775747 0.0006)
(0.0008164914288 0.000969463766 0.0006)
(0.0008481981859 0.0009737499573 0.0006)
(0.0008799049429 0.0009780361487 0.0006)
(0.0009116117 0.00098232234 0.0006)
(0.0007530779146 0.001039108617 0.0006)
(0.0007847846717 0.001034822425 0.0006)
(0.0008164914288 0.001030536234 0.0006)
(0.0008481981859 0.001026250043 0.0006)
(0.0008799049429 0.001021963851 0.0006)
(0.0009116117 0.00101767766 0.0006)
(0.0007772483671 0.001113497627 0.0006)
(0.0008041210336 0.001101404697 0.0006)
(0.0008309937002 0.001089311768 0.0006)
(0.0008578663668 0.001077218839 0.0006)
(0.0008847390334 0.001065125909 0.0006)
(0.0009116117 0.00105303298 0.0006)
(0.0008232233 0.0011767767 0.0006)
(0.00084090098 0.00115909902 0.0006)
(0.00085857866 0.00114142134 0.0006)
(0.00087625634 0.00112374366 0.0006)
(0.00089393402 0.00110606598 0.0006)
(0.0009116117 0.0010883883 0.0006)
(0.0008232233 0.0008232233 0.00075)
(0.00084090098 0.00084090098 0.00075)
(0.00085857866 0.00085857866 0.00075)
(0.00087625634 0.00087625634 0.00075)
(0.00089393402 0.00089393402 0.00075)
(0.0009116117 0.0009116117 0.00075)
(0.0007772483671 0.0008865023733 0.00075)
(0.0008041210336 0.0008985953027 0.00075)
(0.0008309937002 0.000910688232 0.00075)
(0.0008578663668 0.0009227811613 0.00075)
(0.0008847390334 0.0009348740907 0.00075)
(0.0009116117 0.00094696702 0.00075)
(0.0007530779146 0.0009608913834 0.00075)
(0.0007847846717 0.0009651775747 0.00075)
(0.0008164914288 0.000969463766 0.00075)
(0.0008481981859 0.0009737499573 0.00075)
(0.0008799049429 0.0009780361487 0.00075)
(0.0009116117 0.00098232234 0.00075)
(0.0007530779146 0.001039108617 0.00075)
(0.0007847846717 0.001034822425 0.00075)
(0.0008164914288 0.001030536234 0.00075)
(0.0008481981859 0.001026250043 0.00075)
(0.0008799049429 0.001021963851 0.00075)
(0.0009116117 0.00101767766 0.00075)
(0.0007772483671 0.001113497627 0.00075)
(0.0008041210336 0.001101404697 0.00075)
(0.0008309937002 0.001089311768 0.00075)
(0.0008578663668 0.001077218839 0.00075)
(0.0008847390334 0.001065125909 0.00075)
(0.0009116117 0.00105303298 0.00075)
(0.0008232233 0.0011767767 0.00075)
(0.00084090098 0.00115909902 0.00075)
(0.00085857866 0.00114142134 0.00075)
(0.00087625634 0.00112374366 0.00075)
(0.00089393402 0.00110606598 0.00075)
(0.0009116117 0.0010883883 0.00075)
(0.0008232233 0.0008232233 0.0009)
(0.00084090098 0.00084090098 0.0009)
(0.00085857866 0.00085857866 0.0009)
(0.00087625634 0.00087625634 0.0009)
(0.00089393402 0.00089393402 0.0009)
(0.0009116117 0.0009116117 0.0009)
(0.0007772483671 0.0008865023733 0.0009)
(0.0008041210336 0.0008985953027 0.0009)
(0.0008309937002 0.000910688232 0.0009)
(0.0008578663668 0.0009227811613 0.0009)
(0.0008847390334 0.0009348740907 0.0009)
(0.0009116117 0.00094696702 0.0009)
(0.0007530779146 0.0009608913834 0.0009)
(0.0007847846717 0.0009651775747 0.0009)
(0.0008164914288 0.000969463766 0.0009)
(0.0008481981859 0.0009737499573 0.0009)
(0.0008799049429 0.0009780361487 0.0009)
(0.0009116117 0.00098232234 0.0009)
(0.0007530779146 0.001039108617 0.0009)
(0.0007847846717 0.001034822425 0.0009)
(0.0008164914288 0.001030536234 0.0009)
(0.0008481981859 0.001026250043 0.0009)
(0.0008799049429 0.001021963851 0.0009)
(0.0009116117 0.00101767766 0.0009)
(0.0007772483671 0.001113497627 0.0009)
(0.0008041210336 0.001101404697 0.0009)
(0.0008309937002 0.001089311768 0.0009)
(0.0008578663668 0.001077218839 0.0009)
(0.0008847390334 0.001065125909 0.0009)
(0.0009116117 0.00105303298 0.0009)
(0.0008232233 0.0011767767 0.0009)
(0.00084090098 0.00115909902 0.0009)
(0.00085857866 0.00114142134 0.0009)
(0.00087625634 0.00112374366 0.0009)
(0.00089393402 0.00110606598 0.0009)
(0.0009116117 0.0010883883 0.0009)
(0.0008232233 0.0008232233 0.00105)
(0.00084090098 0.00084090098 0.00105)
(0.00085857866 0.00085857866 0.00105)
(0.00087625634 0.00087625634 0.00105)
(0.00089393402 0.00089393402 0.00105)
(0.0009116117 0.0009116117 0.00105)
(0.0007772483671 0.0008865023733 0.00105)
(0.0008041210336 0.0008985953027 0.00105)
(0.0008309937002 0.000910688232 0.00105)
(0.0008578663668 0.0009227811613 0.00105)
(0.0008847390334 0.0009348740907 0.00105)
(0.0009116117 0.00094696702 0.00105)
(0.0007530779146 0.0009608913834 0.00105)
(0.0007847846717 0.0009651775747 0.00105)
(0.0008164914288 0.000969463766 0.00105)
(0.0008481981859 0.0009737499573 0.00105)
(0.0008799049429 0.0009780361487 0.00105)
(0.0009116117 0.00098232234 0.00105)
(0.0007530779146 0.001039108617 0.00105)
(0.0007847846717 0.001034822425 0.00105)
(0.0008164914288 0.001030536234 0.00105)
(0.0008481981859 0.001026250043 0.00105)
(0.0008799049429 0.001021963851 0.00105)
(0.0009116117 0.00101767766 0.00105)
(0.0007772483671 0.001113497627 0.00105)
(0.0008041210336 0.001101404697 0.00105)
(0.0008309937002 0.001089311768 0.00105)
(0.0008578663668 0.001077218839 0.00105)
(0.0008847390334 0.001065125909 0.00105)
(0.0009116117 0.00105303298 0.00105)
(0.0008232233 0.0011767767 0.00105)
(0.00084090098 0.00115909902 0.00105)
(0.00085857866 0.00114142134 0.00105)
(0.00087625634 0.00112374366 0.00105)
(0.00089393402 0.00110606598 0.00105)
(0.0009116117 0.0010883883 0.00105)
(0.0008232233 0.0008232233 0.0012)
(0.00084090098 0.00084090098 0.0012)
(0.00085857866 0.00085857866 0.0012)
(0.00087625634 0.00087625634 0.0012)
(0.00089393402 0.00089393402 0.0012)
(0.0009116117 0.0009116117 0.0012)
(0.0007772483671 0.0008865023733 0.0012)
(0.0008041210336 0.0008985953027 0.0012)
(0.0008309937002 0.000910688232 0.0012)
(0.0008578663668 0.0009227811613 0.0012)
(0.0008847390334 0.0009348740907 0.0012)
(0.0009116117 0.00094696702 0.0012)
(0.0007530779146 0.0009608913834 0.0012)
(0.0007847846717 0.0009651775747 0.0012)
(0.0008164914288 0.000969463766 0.0012)
(0.0008481981859 0.0009737499573 0.0012)
(0.0008799049429 0.0009780361487 0.0012)
(0.0009116117 0.00098232234 0.0012)
(0.0007530779146 0.001039108617 0.0012)
(0.0007847846717 0.001034822425 0.0012)
(0.0008164914288 0.001030536234 0.0012)
(0.0008481981859 0.001026250043 0.0012)
(0.0008799049429 0.001021963851 0.0012)
(0.0009116117 0.00101767766 0.0012)
(0.0007772483671 0.001113497627 0.0012)
(0.0008041210336 0.001101404697 0.0012)
(0.0008309937002 0.001089311768 0.0012)
(0.0008578663668 0.001077218839 0.0012)
(0.0008847390334 0.001065125909 0.0012)
(0.0009116117 0.00105303298 0.0012)
(0.0008232233 0.0011767767 0.0012)
(0.00084090098 0.00115909902 0.0012)
(0.00085857866 0.00114142134 0.0012)
(0.00087625634 0.00112374366 0.0012)
(0.00089393402 0.00110606598 0.0012)
(0.0009116117 0.0010883883 0.0012)
(0.0008232233 0.0008232233 0.00135)
(0.00084090098 0.00084090098 0.00135)
(0.00085857866 0.00085857866 0.00135)
(0.00087625634 0.00087625634 0.00135)
(0.00089393402 0.00089393402 0.00135)
(0.0009116117 0.0009116117 0.00135)
(0.0007772483671 0.0008865023733 0.00135)
(0.0008041210336 0.0008985953027 0.00135)
(0.0008309937002 0.000910688232 0.00135)
(0.0008578663668 0.0009227811613 0.00135)
(0.0008847390334 0.0009348740907 0.00135)
(0.0009116117 0.00094696702 0.00135)
(0.0007530779146 0.0009608913834 0.00135)
(0.0007847846717 0.0009651775747 0.00135)
(0.0008164914288 0.000969463766 0.00135)
(0.0008481981859 0.0009737499573 0.00135)
(0.0008799049429 0.0009780361487 0.00135)
(0.0009116117 0.00098232234 0.00135)
(0.0007530779146 0.001039108617 0.00135)
(0.0007847846717 0.001034822425 0.00135)
(0.0008164914288 0.001030536234 0.00135)
(0.0008481981859 0.001026250043 0.00135)
(0.0008799049429 0.001021963851 0.00135)
(0.0009116117 0.00101767766 0.00135)
(0.0007772483671 0.001113497627 0.00135)
(0.0008041210336 0.001101404697 0.00135)
(0.0008309937002 0.001089311768 0.00135)
(0.0008578663668 0.001077218839 0.00135)
(0.0008847390334 0.001065125909 0.00135)
(0.0009116117 0.00105303298 0.00135)
(0.0008232233 0.0011767767 0.00135)
(0.00084090098 0.00115909902 0.00135)
(0.00085857866 0.00114142134 0.00135)
(0.00087625634 0.00112374366 0.00135)
(0.00089393402 0.00110606598 0.00135)
(0.0009116117 0.0010883883 0.00135)
(0.0008232233 0.0008232233 0.0015)
(0.00084090098 0.00084090098 0.0015)
(0.00085857866 0.00085857866 0.0015)
(0.00087625634 0.00087625634 0.0015)
(0.00089393402 0.00089393402 0.0015)
(0.0009116117 0.0009116117 0.0015)
(0.0007772483671 0.0008865023733 0.0015)
(0.0008041210336 0.0008985953027 0.0015)
(0.0008309937002 0.000910688232 0.0015)
(0.0008578663668 0.0009227811613 0.0015)
(0.0008847390334 0.0009348740907 0.0015)
(0.0009116117 0.00094696702 0.0015)
(0.0007530779146 0.0009608913834 0.0015)
(0.0007847846717 0.0009651775747 0.0015)
(0.0008164914288 0.000969463766 0.0015)
(0.0008481981859 0.0009737499573 0.0015)
(0.0008799049429 0.0009780361487 0.0015)
(0.0009116117 0.00098232234 0.0015)
(0.0007530779146 0.001039108617 0.0015)
(0.0007847846717 0.001034822425 0.0015)
(0.0008164914288 0.001030536234 0.0015)
(0.0008481981859 0.001026250043 0.0015)
(0.0008799049429 0.001021963851 0.0015)
(0.0009116117 0.00101767766 0.0015)
(0.0007772483671 0.001113497627 0.0015)
(0.0008041210336 0.001101404697 0.0015)
(0.0008309937002 0.001089311768 0.0015)
(0.0008578663668 0.001077218839 0.0015)
(0.0008847390334 0.001065125909 0.0015)
(0.0009116117 0.00105303298 0.0015)
(0.0008232233 0.0011767767 0.0015)
(0.00084090098 0.00115909902 0.0015)
(0.00085857866 0.00114142134 0.0015)
(0.00087625634 0.00112374366 0.0015)
(0.00089393402 0.00110606598 0.0015)
(0.0009116117 0.0010883883 0.0015)
(0.0008865023733 0.0007772483671 0)
(0.0009608913834 0.0007530779146 0)
(0.001039108617 0.0007530779146 0)
(0.001113497627 0.0007772483671 0)
(0.0011767767 0.0008232233 0)
(0.0008985953027 0.0008041210336 0)
(0.0009651775747 0.0007847846717 0)
(0.001034822425 0.0007847846717 0)
(0.001101404697 0.0008041210336 0)
(0.00115909902 0.00084090098 0)
(0.000910688232 0.0008309937002 0)
(0.000969463766 0.0008164914288 0)
(0.001030536234 0.0008164914288 0)
(0.001089311768 0.0008309937002 0)
(0.00114142134 0.00085857866 0)
(0.0009227811613 0.0008578663668 0)
(0.0009737499573 0.0008481981859 0)
(0.001026250043 0.0008481981859 0)
(0.001077218839 0.0008578663668 0)
(0.00112374366 0.00087625634 0)
(0.0009348740907 0.0008847390334 0)
(0.0009780361487 0.0008799049429 0)
(0.001021963851 0.0008799049429 0)
(0.001065125909 0.0008847390334 0)
(0.00110606598 0.00089393402 0)
(0.00094696702 0.0009116117 0)
(0.00098232234 0.0009116117 0)
(0.00101767766 0.0009116117 0)
(0.00105303298 0.0009116117 0)
(0.0010883883 0.0009116117 0)
(0.0008865023733 0.0007772483671 0.00015)
(0.0009608913834 0.0007530779146 0.00015)
(0.001039108617 0.0007530779146 0.00015)
(0.001113497627 0.0007772483671 0.00015)
(0.0011767767 0.0008232233 0.00015)
(0.0008985953027 0.0008041210336 0.00015)
(0.0009651775747 0.0007847846717 0.00015)
(0.001034822425 0.0007847846717 0.00015)
(0.001101404697 0.0008041210336 0.00015)
(0.00115909902 0.00084090098 0.00015)
(0.000910688232 0.0008309937002 0.00015)
(0.000969463766 0.0008164914288 0.00015)
(0.001030536234 0.0008164914288 0.00015)
(0.001089311768 0.0008309937002 0.00015)
(0.00114142134 0.00085857866 0.00015)
(0.0009227811613 0.0008578663668 0.00015)
(0.0009737499573 0.0008481981859 0.00015)
(0.001026250043 0.0008481981859 0.00015)
(0.001077218839 0.0008578663668 0.00015)
(0.00112374366 0.00087625634 0.00015)
(0.0009348740907 0.0008847390334 0.00015)
(0.0009780361487 0.0008799049429 0.00015)
(0.001021963851 0.0008799049429 0.00015)
(0.001065125909 0.0008847390334 0.00015)
(0.00110606598 0.00089393402 0.00015)
(0.00094696702 0.0009116117 0.00015)
(0.00098232234 0.0009116117 0.00015)
(0.00101767766 0.0009116117 0.00015)
(0.00105303298 0.0009116117 0.00015)
(0.0010883883 0.0009116117 0.00015)
(0.0008865023733 0.0007772483671 0.0003)
(0.0009608913834 0.0007530779146 0.0003)
(0.001039108617 0.0007530779146 0.0003)
(0.001113497627 0.0007772483671 0.0003)
(0.0011767767 0.0008232233 0.0003)
(0.0008985953027 0.0008041210336 0.0003)
(0.0009651775747 0.0007847846717 0.0003)
(0.001034822425 0.0007847846717 0.0003)
(0.001101404697 0.0008041210336 0.0003)
(0.00115909902 0.00084090098 0.0003)
(0.000910688232 0.0008309937002 0.0003)
(0.000969463766 0.0008164914288 0.0003)
(0.001030536234 0.0008164914288 0.0003)
(0.001089311768 0.0008309937002 0.0003)
(0.00114142134 0.00085857866 0.0003)
(0.0009227811613 0.0008578663668 0.0003)
(0.0009737499573 0.0008481981859 0.0003)
(0.001026250043 0.0008481981859 0.0003)
(0.001077218839 0.0008578663668 0.0003)
(0.00112374366 0.00087625634 0.0003)
(0.0009348740907 0.0008847390334 0.0003)
(0.0009780361487 0.0008799049429 0.0003)
(0.001021963851 0.0008799049429 0.0003)
(0.001065125909 0.0008847390334 0.0003)
(0.00110606598 0.00089393402 0.0003)
(0.00094696702 0.0009116117 0.0003)
(0.00098232234 0.0009116117 0.0003)
(0.00101767766 0.0009116117 0.0003)
(0.00105303298 0.0009116117 0.0003)
(0.0010883883 0.0009116117 0.0003)
(0.0008865023733 0.0007772483671 0.00045)
(0.0009608913834 0.0007530779146 0.00045)
(0.001039108617 0.0007530779146 0.00045)
(0.001113497627 0.0007772483671 0.00045)
(0.0011767767 0.0008232233 0.00045)
(0.0008985953027 0.0008041210336 0.00045)
(0.0009651775747 0.0007847846717 0.00045)
(0.001034822425 0.0007847846717 0.00045)
(0.001101404697 0.0008041210336 0.00045)
(0.00115909902 0.00084090098 0.00045)
(0.000910688232 0.0008309937002 0.00045)
(0.000969463766 0.0008164914288 0.00045)
(0.001030536234 0.0008164914288 0.00045)
(0.001089311768 0.0008309937002 0.00045)
(0.00114142134 0.00085857866 0.00045)
(0.0009227811613 0.0008578663668 0.00045)
(0.0009737499573 0.0008481981859 0.00045)
(0.001026250043 0.0008481981859 0.00045)
(0.001077218839 0.0008578663668 0.00045)
(0.00112374366 0.00087625634 0.00045)
(0.0009348740907 0.0008847390334 0.00045)
(0.0009780361487 0.0008799049429 0.00045)
(0.001021963851 0.0008799049429 0.00045)
(0.001065125909 0.0008847390334 0.00045)
(0.00110606598 0.00089393402 0.00045)
(0.00094696702 0.0009116117 0.00045)
(0.00098232234 0.0009116117 0.00045)
(0.00101767766 0.0009116117 0.00045)
(0.00105303298 0.0009116117 0.00045)
(0.0010883883 0.0009116117 0.00045)
(0.0008865023733 0.0007772483671 0.0006)
(0.0009608913834 0.0007530779146 0.0006)
(0.001039108617 0.0007530779146 0.0006)
(0.001113497627 0.0007772483671 0.0006)
(0.0011767767 0.0008232233 0.0006)
(0.0008985953027 0.0008041210336 0.0006)
(0.0009651775747 0.0007847846717 0.0006)
(0.001034822425 0.0007847846717 0.0006)
(0.001101404697 0.0008041210336 0.0006)
(0.00115909902 0.00084090098 0.0006)
(0.000910688232 0.0008309937002 0.0006)
(0.000969463766 0.0008164914288 0.0006)
(0.001030536234 0.0008164914288 0.0006)
(0.001089311768 0.0008309937002 0.0006)
(0.00114142134 0.00085857866 0.0006)
(0.0009227811613 0.0008578663668 0.0006)
(0.0009737499573 0.0008481981859 0.0006)
(0.001026250043 0.0008481981859 0.0006)
(0.001077218839 0.0008578663668 0.0006)
(0.00112374366 0.00087625634 0.0006)
(0.0009348740907 0.0008847390334 0.0006)
(0.0009780361487 0.0008799049429 0.0006)
(0.001021963851 0.0008799049429 0.0006)
(0.001065125909 0.0008847390334 0.0006)
(0.00110606598 0.00089393402 0.0006)
(0.00094696702 0.0009116117 0.0006)
(0.00098232234 0.0009116117 0.0006)
(0.00101767766 0.0009116117 0.0006)
(0.00105303298 0.0009116117 0.0006)
(0.0010883883 0.0009116117 0.0006)
(0.0008865023733 0.0007772483671 0.00075)
(0.0009608913834 0.0007530779146 0.00075)
(0.001039108617 0.0007530779146 0.00075)
(0.001113497627 0.0007772483671 0.00075)
(0.0011767767 0.0008232233 0.00075)
(0.0008985953027 0.0008041210336 0.00075)
(0.0009651775747 0.0007847846717 0.00075)
(0.001034822425 0.0007847846717 0.00075)
(0.001101404697 0.0008041210336 0.00075)
(0.00115909902 0.00084090098 0.00075)
(0.000910688232 0.0008309937002 0.00075)
(0.000969463766 0.0008164914288 0.00075)
(0.001030536234 0.0008164914288 0.00075)
(0.001089311768 0.0008309937002 0.00075)
(0.00114142134 0.00085857866 0.00075)
(0.0009227811613 0.0008578663668 0.00075)
(0.0009737499573 0.0008481981859 0.00075)
(0.001026250043 0.0008481981859 0.00075)
(0.001077218839 0.0008578663668 0.00075)
(0.00112374366 0.00087625634 0.00075)
(0.0009348740907 0.0008847390334 0.00075)
(0.0009780361487 0.0008799049429 0.00075)
(0.001021963851 0.0008799049429 0.00075)
(0.001065125909 0.0008847390334 0.00075)
(0.00110606598 0.00089393402 0.00075)
(0.00094696702 0.0009116117 0.00075)
(0.00098232234 0.0009116117 0.00075)
(0.00101767766 0.0009116117 0.00075)
(0.00105303298 0.0009116117 0.00075)
(0.0010883883 0.0009116117 0.00075)
(0.0008865023733 0.0007772483671 0.0009)
(0.0009608913834 0.0007530779146 0.0009)
(0.001039108617 0.0007530779146 0.0009)
(0.001113497627 0.0007772483671 0.0009)
(0.0011767767 0.0008232233 0.0009)
(0.0008985953027 0.0008041210336 0.0009)
(0.0009651775747 0.0007847846717 0.0009)
(0.001034822425 0.0007847846717 0.0009)
(0.001101404697 0.0008041210336 0.0009)
(0.00115909902 0.00084090098 0.0009)
(0.000910688232 0.0008309937002 0.0009)
(0.000969463766 0.0008164914288 0.0009)
(0.001030536234 0.0008164914288 0.0009)
(0.001089311768 0.0008309937002 0.0009)
(0.00114142134 0.00085857866 0.0009)
(0.0009227811613 0.0008578663668 0.0009)
(0.0009737499573 0.0008481981859 0.0009)
(0.001026250043 0.0008481981859 0.0009)
(0.001077218839 0.0008578663668 0.0009)
(0.00112374366 0.00087625634 0.0009)
(0.0009348740907 0.0008847390334 0.0009)
(0.0009780361487 0.0008799049429 0.0009)
(0.001021963851 0.0008799049429 0.0009)
(0.001065125909 0.0008847390334 0.0009)
(0.00110606598 0.00089393402 0.0009)
(0.00094696702 0.0009116117 0.0009)
(0.00098232234 0.0009116117 0.0009)
(0.00101767766 0.0009116117 0.0009)
(0.00105303298 0.0009116117 0.0009)
(0.0010883883 0.0009116117 0.0009)
(0.0008865023733 0.0007772483671 0.00105)
(0.0009608913834 0.0007530779146 0.00105)
(0.001039108617 0.0007530779146 0.00105)
(0.001113497627 0.0007772483671 0.00105)
(0.0011767767 0.0008232233 0.00105)
(0.0008985953027 0.0008041210336 0.00105)
(0.0009651775747 0.0007847846717 0.00105)
(0.001034822425 0.0007847846717 0.00105)
(0.001101404697 0.0008041210336 0.00105)
(0.00115909902 0.00084090098 0.00105)
(0.000910688232 0.0008309937002 0.00105)
(0.000969463766 0.0008164914288 0.00105)
(0.001030536234 0.0008164914288 0.00105)
(0.001089311768 0.0008309937002 0.00105)
(0.00114142134 0.00085857866 0.00105)
(0.0009227811613 0.0008578663668 0.00105)
(0.0009737499573 0.0008481981859 0.00105)
(0.001026250043 0.0008481981859 0.00105)
(0.001077218839 0.0008578663668 0.00105)
(0.00112374366 0.00087625634 0.00105)
(0.0009348740907 0.0008847390334 0.00105)
(0.0009780361487 0.0008799049429 0.00105)
(0.001021963851 0.0008799049429 0.00105)
(0.001065125909 0.0008847390334 0.00105)
(0.00110606598 0.00089393402 0.00105)
(0.00094696702 0.0009116117 0.00105)
(0.00098232234 0.0009116117 0.00105)
(0.00101767766 0.0009116117 0.00105)
(0.00105303298 0.0009116117 0.00105)
(0.0010883883 0.0009116117 0.00105)
(0.0008865023733 0.0007772483671 0.0012)
(0.0009608913834 0.0007530779146 0.0012)
(0.001039108617 0.0007530779146 0.0012)
(0.001113497627 0.0007772483671 0.0012)
(0.0011767767 0.0008232233 0.0012)
(0.0008985953027 0.0008041210336 0.0012)
(0.0009651775747 0.0007847846717 0.0012)
(0.001034822425 0.0007847846717 0.0012)
(0.001101404697 0.0008041210336 0.0012)
(0.00115909902 0.00084090098 0.0012)
(0.000910688232 0.0008309937002 0.0012)
(0.000969463766 0.0008164914288 0.0012)
(0.001030536234 0.0008164914288 0.0012)
(0.001089311768 0.0008309937002 0.0012)
(0.00114142134 0.00085857866 0.0012)
(0.0009227811613 0.0008578663668 0.0012)
(0.0009737499573 0.0008481981859 0.0012)
(0.001026250043 0.0008481981859 0.0012)
(0.001077218839 0.0008578663668 0.0012)
(0.00112374366 0.00087625634 0.0012)
(0.0009348740907 0.0008847390334 0.0012)
(0.0009780361487 0.0008799049429 0.0012)
(0.001021963851 0.0008799049429 0.0012)
(0.001065125909 0.0008847390334 0.0012)
(0.00110606598 0.00089393402 0.0012)
(0.00094696702 0.0009116117 0.0012)
(0.00098232234 0.0009116117 0.0012)
(0.00101767766 0.0009116117 0.0012)
(0.00105303298 0.0009116117 0.0012)
(0.0010883883 0.0009116117 0.0012)
(0.0008865023733 0.0007772483671 0.00135)
(0.0009608913834 0.0007530779146 0.00135)
(0.001039108617 0.0007530779146 0.00135)
(0.001113497627 0.0007772483671 0.00135)
(0.0011767767 0.0008232233 0.00135)
(0.0008985953027 0.0008041210336 0.00135)
(0.0009651775747 0.0007847846717 0.00135)
(0.001034822425 0.0007847846717 0.00135)
(0.001101404697 0.0008041210336 0.00135)
(0.00115909902 0.00084090098 0.00135)
(0.000910688232 0.0008309937002 0.00135)
(0.000969463766 0.0008164914288 0.00135)
(0.001030536234 0.0008164914288 0.00135)
(0.001089311768 0.0008309937002 0.00135)
(0.00114142134 0.00085857866 0.00135)
(0.0009227811613 0.0008578663668 0.00135)
(0.0009737499573 0.0008481981859 0.00135)
(0.001026250043 0.0008481981859 0.00135)
(0.001077218839 0.0008578663668 0.00135)
(0.00112374366 0.00087625634 0.00135)
(0.0009348740907 0.0008847390334 0.00135)
(0.0009780361487 0.0008799049429 0.00135)
(0.001021963851 0.0008799049429 0.00135)
(0.001065125909 0.0008847390334 0.00135)
(0.00110606598 0.00089393402 0.00135)
(0.00094696702 0.0009116117 0.00135)
(0.00098232234 0.0009116117 0.00135)
(0.00101767766 0.0009116117 0.00135)
(0.00105303298 0.0009116117 0.00135)
(0.0010883883 0.0009116117 0.00135)
(0.0008865023733 0.0007772483671 0.0015)
(0.0009608913834 0.0007530779146 0.0015)
(0.001039108617 0.0007530779146 0.0015)
(0.001113497627 0.0007772483671 0.0015)
(0.0011767767 0.0008232233 0.0015)
(0.0008985953027 0.0008041210336 0.0015)
(0.0009651775747 0.0007847846717 0.0015)
(0.001034822425 0.0007847846717 0.0015)
(0.001101404697 0.0008041210336 0.0015)
(0.00115909902 0.00084090098 0.0015)
(0.000910688232 0.0008309937002 0.0015)
(0.000969463766 0.0008164914288 0.0015)
(0.001030536234 0.0008164914288 0.0015)
(0.001089311768 0.0008309937002 0.0015)
(0.00114142134 0.00085857866 0.0015)
(0.0009227811613 0.0008578663668 0.0015)
(0.0009737499573 0.0008481981859 0.0015)
(0.001026250043 0.0008481981859 0.0015)
(0.001077218839 0.0008578663668 0.0015)
(0.00112374366 0.00087625634 0.0015)
(0.0009348740907 0.0008847390334 0.0015)
(0.0009780361487 0.0008799049429 0.0015)
(0.001021963851 0.0008799049429 0.0015)
(0.001065125909 0.0008847390334 0.0015)
(0.00110606598 0.00089393402 0.0015)
(0.00094696702 0.0009116117 0.0015)
(0.00098232234 0.0009116117 0.0015)
(0.00101767766 0.0009116117 0.0015)
(0.00105303298 0.0009116117 0.0015)
(0.0010883883 0.0009116117 0.0015)
(0.0010883883 0.00094696702 0)
(0.001115260967 0.0009348740907 0)
(0.001142133633 0.0009227811613 0)
(0.0011690063 0.000910688232 0)
(0.001195878966 0.0008985953027 0)
(0.001222751633 0.0008865023733 0)
(0.0010883883 0.00098232234 0)
(0.001120095057 0.0009780361487 0)
(0.001151801814 0.0009737499573 0)
(0.001183508571 0.000969463766 0)
(0.001215215328 0.0009651775747 0)
(0.001246922085 0.0009608913834 0)
(0.0010883883 0.00101767766 0)
(0.001120095057 0.001021963851 0)
(0.001151801814 0.001026250043 0)
(0.001183508571 0.001030536234 0)
(0.001215215328 0.001034822425 0)
(0.001246922085 0.001039108617 0)
(0.0010883883 0.00105303298 0)
(0.001115260967 0.001065125909 0)
(0.001142133633 0.001077218839 0)
(0.0011690063 0.001089311768 0)
(0.001195878966 0.001101404697 0)
(0.001222751633 0.001113497627 0)
(0.0010883883 0.0010883883 0)
(0.00110606598 0.00110606598 0)
(0.00112374366 0.00112374366 0)
(0.00114142134 0.00114142134 0)
(0.00115909902 0.00115909902 0)
(0.0011767767 0.0011767767 0)
(0.0010883883 0.00094696702 0.00015)
(0.001115260967 0.0009348740907 0.00015)
(0.001142133633 0.0009227811613 0.00015)
(0.0011690063 0.000910688232 0.00015)
(0.001195878966 0.0008985953027 0.00015)
(0.001222751633 0.0008865023733 0.00015)
(0.0010883883 0.00098232234 0.00015)
(0.001120095057 0.0009780361487 0.00015)
(0.001151801814 0.0009737499573 0.00015)
(0.001183508571 0.000969463766 0.00015)
(0.001215215328 0.0009651775747 0.00015)
(0.001246922085 0.0009608913834 0.00015)
(0.0010883883 0.00101767766 0.00015)
(0.001120095057 0.001021963851 0.00015)
(0.001151801814 0.001026250043 0.00015)
(0.001183508571 0.001030536234 0.00015)
(0.001215215328 0.001034822425 0.00015)
(0.001246922085 0.001039108617 0.00015)
(0.0010883883 0.00105303298 0.00015)
(0.001115260967 0.001065125909 0.00015)
(0.001142133633 0.001077218839 0.00015)
(0.0011690063 0.001089311768 0.00015)
(0.001195878966 0.001101404697 0.00015)
(0.001222751633 0.001113497627 0.00015)
(0.0010883883 0.0010883883 0.00015)
(0.00110606598 0.00110606598 0.00015)
(0.00112374366 0.00112374366 0.00015)
(0.00114142134 0.00114142134 0.00015)
(0.00115909902 0.00115909902 0.00015)
(0.0011767767 0.0011767767 0.00015)
(0.0010883883 0.00094696702 0.0003)
(0.001115260967 0.0009348740907 0.0003)
(0.001142133633 0.0009227811613 0.0003)
(0.0011690063 0.000910688232 0.0003)
(0.001195878966 0.0008985953027 0.0003)
(0.001222751633 0.0008865023733 0.0003)
(0.0010883883 0.00098232234 0.0003)
(0.001120095057 0.0009780361487 0.0003)
(0.001151801814 0.0009737499573 0.0003)
(0.001183508571 0.000969463766 0.0003)
(0.001215215328 0.0009651775747 0.0003)
(0.001246922085 0.0009608913834 0.0003)
(0.0010883883 0.00101767766 0.0003)
(0.001120095057 0.001021963851 0.0003)
(0.001151801814 0.001026250043 0.0003)
(0.001183508571 0.001030536234 0.0003)
(0.001215215328 0.001034822425 0.0003)
(0.001246922085 0.001039108617 0.0003)
(0.0010883883 0.00105303298 0.0003)
(0.001115260967 0.001065125909 0.0003)
(0.001142133633 0.001077218839 0.0003)
(0.0011690063 0.001089311768 0.0003)
(0.001195878966 0.001101404697 0.0003)
(0.001222751633 0.001113497627 0.0003)
(0.0010883883 0.0010883883 0.0003)
(0.00110606598 0.00110606598 0.0003)
(0.00112374366 0.00112374366 0.0003)
(0.00114142134 0.00114142134 0.0003)
(0.00115909902 0.00115909902 0.0003)
(0.0011767767 0.0011767767 0.0003)
(0.0010883883 0.00094696702 0.00045)
(0.001115260967 0.0009348740907 0.00045)
(0.001142133633 0.0009227811613 0.00045)
(0.0011690063 0.000910688232 0.00045)
(0.001195878966 0.0008985953027 0.00045)
(0.001222751633 0.0008865023733 0.00045)
(0.0010883883 0.00098232234 0.00045)
(0.001120095057 0.0009780361487 0.00045)
(0.001151801814 0.0009737499573 0.00045)
(0.001183508571 0.000969463766 0.00045)
(0.001215215328 0.0009651775747 0.00045)
(0.001246922085 0.0009608913834 0.00045)
(0.0010883883 0.00101767766 0.00045)
(0.001120095057 0.001021963851 0.00045)
(0.001151801814 0.001026250043 0.00045)
(0.001183508571 0.001030536234 0.00045)
(0.001215215328 0.001034822425 0.00045)
(0.001246922085 0.001039108617 0.00045)
(0.0010883883 0.00105303298 0.00045)
(0.001115260967 0.001065125909 0.00045)
(0.001142133633 0.001077218839 0.00045)
(0.0011690063 0.001089311768 0.00045)
(0.001195878966 0.001101404697 0.00045)
(0.001222751633 0.001113497627 0.00045)
(0.0010883883 0.0010883883 0.00045)
(0.00110606598 0.00110606598 0.00045)
(0.00112374366 0.00112374366 0.00045)
(0.00114142134 0.00114142134 0.00045)
(0.00115909902 0.00115909902 0.00045)
(0.0011767767 0.0011767767 0.00045)
(0.0010883883 0.00094696702 0.0006)
(0.001115260967 0.0009348740907 0.0006)
(0.001142133633 0.0009227811613 0.0006)
(0.0011690063 0.000910688232 0.0006)
(0.001195878966 0.0008985953027 0.0006)
(0.001222751633 0.0008865023733 0.0006)
(0.0010883883 0.00098232234 0.0006)
(0.001120095057 0.0009780361487 0.0006)
(0.001151801814 0.0009737499573 0.0006)
(0.001183508571 0.000969463766 0.0006)
(0.001215215328 0.0009651775747 0.0006)
(0.001246922085 0.0009608913834 0.0006)
(0.0010883883 0.00101767766 0.0006)
(0.001120095057 0.001021963851 0.0006)
(0.001151801814 0.001026250043 0.0006)
(0.001183508571 0.001030536234 0.0006)
(0.001215215328 0.001034822425 0.0006)
(0.001246922085 0.001039108617 0.0006)
(0.0010883883 0.00105303298 0.0006)
(0.001115260967 0.001065125909 0.0006)
(0.001142133633 0.001077218839 0.0006)
(0.0011690063 0.001089311768 0.0006)
(0.001195878966 0.001101404697 0.0006)
(0.001222751633 0.001113497627 0.0006)
(0.0010883883 0.0010883883 0.0006)
(0.00110606598 0.00110606598 0.0006)
(0.00112374366 0.00112374366 0.0006)
(0.00114142134 0.00114142134 0.0006)
(0.00115909902 0.00115909902 0.0006)
(0.0011767767 0.0011767767 0.0006)
(0.0010883883 0.00094696702 0.00075)
(0.001115260967 0.0009348740907 0.00075)
(0.001142133633 0.0009227811613 0.00075)
(0.0011690063 0.000910688232 0.00075)
(0.001195878966 0.0008985953027 0.00075)
(0.001222751633 0.0008865023733 0.00075)
(0.0010883883 0.00098232234 0.00075)
(0.001120095057 0.0009780361487 0.00075)
(0.001151801814 0.0009737499573 0.00075)
(0.001183508571 0.000969463766 0.00075)
(0.001215215328 0.0009651775747 0.00075)
(0.001246922085 0.0009608913834 0.00075)
(0.0010883883 0.00101767766 0.00075)
(0.001120095057 0.001021963851 0.00075)
(0.001151801814 0.001026250043 0.00075)
(0.001183508571 0.001030536234 0.00075)
(0.001215215328 0.001034822425 0.00075)
(0.001246922085 0.001039108617 0.00075)
(0.0010883883 0.00105303298 0.00075)
(0.001115260967 0.001065125909 0.00075)
(0.001142133633 0.001077218839 0.00075)
(0.0011690063 0.001089311768 0.00075)
(0.001195878966 0.001101404697 0.00075)
(0.001222751633 0.001113497627 0.00075)
(0.0010883883 0.0010883883 0.00075)
(0.00110606598 0.00110606598 0.00075)
(0.00112374366 0.00112374366 0.00075)
(0.00114142134 0.00114142134 0.00075)
(0.00115909902 0.00115909902 0.00075)
(0.0011767767 0.0011767767 0.00075)
(0.0010883883 0.00094696702 0.0009)
(0.001115260967 0.0009348740907 0.0009)
(0.001142133633 0.0009227811613 0.0009)
(0.0011690063 0.000910688232 0.0009)
(0.001195878966 0.0008985953027 0.0009)
(0.001222751633 0.0008865023733 0.0009)
(0.0010883883 0.00098232234 0.0009)
(0.001120095057 0.0009780361487 0.0009)
(0.001151801814 0.0009737499573 0.0009)
(0.001183508571 0.000969463766 0.0009)
(0.001215215328 0.0009651775747 0.0009)
(0.001246922085 0.0009608913834 0.0009)
(0.0010883883 0.00101767766 0.0009)
(0.001120095057 0.001021963851 0.0009)
(0.001151801814 0.001026250043 0.0009)
(0.001183508571 0.001030536234 0.0009)
(0.001215215328 0.001034822425 0.0009)
(0.001246922085 0.001039108617 0.0009)
(0.0010883883 0.00105303298 0.0009)
(0.001115260967 0.001065125909 0.0009)
(0.001142133633 0.001077218839 0.0009)
(0.0011690063 0.001089311768 0.0009)
(0.001195878966 0.001101404697 0.0009)
(0.001222751633 0.001113497627 0.0009)
(0.0010883883 0.0010883883 0.0009)
(0.00110606598 0.00110606598 0.0009)
(0.00112374366 0.00112374366 0.0009)
(0.00114142134 0.00114142134 0.0009)
(0.00115909902 0.00115909902 0.0009)
(0.0011767767 0.0011767767 0.0009)
(0.0010883883 0.00094696702 0.00105)
(0.001115260967 0.0009348740907 0.00105)
(0.001142133633 0.0009227811613 0.00105)
(0.0011690063 0.000910688232 0.00105)
(0.001195878966 0.0008985953027 0.00105)
(0.001222751633 0.0008865023733 0.00105)
(0.0010883883 0.00098232234 0.00105)
(0.001120095057 0.0009780361487 0.00105)
(0.001151801814 0.0009737499573 0.00105)
(0.001183508571 0.000969463766 0.00105)
(0.001215215328 0.0009651775747 0.00105)
(0.001246922085 0.0009608913834 0.00105)
(0.0010883883 0.00101767766 0.00105)
(0.001120095057 0.001021963851 0.00105)
(0.001151801814 0.001026250043 0.00105)
(0.001183508571 0.001030536234 0.00105)
(0.001215215328 0.001034822425 0.00105)
(0.001246922085 0.001039108617 0.00105)
(0.0010883883 0.00105303298 0.00105)
(0.001115260967 0.001065125909 0.00105)
(0.001142133633 0.001077218839 0.00105)
(0.0011690063 0.001089311768 0.00105)
(0.001195878966 0.001101404697 0.00105)
(0.001222751633 0.001113497627 0.00105)
(0.0010883883 0.0010883883 0.00105)
(0.00110606598 0.00110606598 0.00105)
(0.00112374366 0.00112374366 0.00105)
(0.00114142134 0.00114142134 0.00105)
(0.00115909902 0.00115909902 0.00105)
(0.0011767767 0.0011767767 0.00105)
(0.0010883883 0.00094696702 0.0012)
(0.001115260967 0.0009348740907 0.0012)
(0.001142133633 0.0009227811613 0.0012)
(0.0011690063 0.000910688232 0.0012)
(0.001195878966 0.0008985953027 0.0012)
(0.001222751633 0.0008865023733 0.0012)
(0.0010883883 0.00098232234 0.0012)
(0.001120095057 0.0009780361487 0.0012)
(0.001151801814 0.0009737499573 0.0012)
(0.001183508571 0.000969463766 0.0012)
(0.001215215328 0.0009651775747 0.0012)
(0.001246922085 0.0009608913834 0.0012)
(0.0010883883 0.00101767766 0.0012)
(0.001120095057 0.001021963851 0.0012)
(0.001151801814 0.001026250043 0.0012)
(0.001183508571 0.001030536234 0.0012)
(0.001215215328 0.001034822425 0.0012)
(0.001246922085 0.001039108617 0.0012)
(0.0010883883 0.00105303298 0.0012)
(0.001115260967 0.001065125909 0.0012)
(0.001142133633 0.001077218839 0.0012)
(0.0011690063 0.001089311768 0.0012)
(0.001195878966 0.001101404697 0.0012)
(0.001222751633 0.001113497627 0.0012)
(0.0010883883 0.0010883883 0.0012)
(0.00110606598 0.00110606598 0.0012)
(0.00112374366 0.00112374366 0.0012)
(0.00114142134 0.00114142134 0.0012)
(0.00115909902 0.00115909902 0.0012)
(0.0011767767 0.0011767767 0.0012)
(0.0010883883 0.00094696702 0.00135)
(0.001115260967 0.0009348740907 0.00135)
(0.001142133633 0.0009227811613 0.00135)
(0.0011690063 0.000910688232 0.00135)
(0.001195878966 0.0008985953027 0.00135)
(0.001222751633 0.0008865023733 0.00135)
(0.0010883883 0.00098232234 0.00135)
(0.001120095057 0.0009780361487 0.00135)
(0.001151801814 0.0009737499573 0.00135)
(0.001183508571 0.000969463766 0.00135)
(0.001215215328 0.0009651775747 0.00135)
(0.001246922085 0.0009608913834 0.00135)
(0.0010883883 0.00101767766 0.00135)
(0.001120095057 0.001021963851 0.00135)
(0.001151801814 0.001026250043 0.00135)
(0.001183508571 0.001030536234 0.00135)
(0.001215215328 0.001034822425 0.00135)
(0.001246922085 0.001039108617 0.00135)
(0.0010883883 0.00105303298 0.00135)
(0.001115260967 0.001065125909 0.00135)
(0.001142133633 0.001077218839 0.00135)
(0.0011690063 0.001089311768 0.00135)
(0.001195878966 0.001101404697 0.00135)
(0.001222751633 0.001113497627 0.00135)
(0.0010883883 0.0010883883 0.00135)
(0.00110606598 0.00110606598 0.00135)
(0.00112374366 0.00112374366 0.00135)
(0.00114142134 0.00114142134 0.00135)
(0.00115909902 0.00115909902 0.00135)
(0.0011767767 0.0011767767 0.00135)
(0.0010883883 0.00094696702 0.0015)
(0.001115260967 0.0009348740907 0.0015)
(0.001142133633 0.0009227811613 0.0015)
(0.0011690063 0.000910688232 0.0015)
(0.001195878966 0.0008985953027 0.0015)
(0.001222751633 0.0008865023733 0.0015)
(0.0010883883 0.00098232234 0.0015)
(0.001120095057 0.0009780361487 0.0015)
(0.001151801814 0.0009737499573 0.0015)
(0.001183508571 0.000969463766 0.0015)
(0.001215215328 0.0009651775747 0.0015)
(0.001246922085 0.0009608913834 0.0015)
(0.0010883883 0.00101767766 0.0015)
(0.001120095057 0.001021963851 0.0015)
(0.001151801814 0.001026250043 0.0015)
(0.001183508571 0.001030536234 0.0015)
(0.001215215328 0.001034822425 0.0015)
(0.001246922085 0.001039108617 0.0015)
(0.0010883883 0.00105303298 0.0015)
(0.001115260967 0.001065125909 0.0015)
(0.001142133633 0.001077218839 0.0015)
(0.0011690063 0.001089311768 0.0015)
(0.001195878966 0.001101404697 0.0015)
(0.001222751633 0.001113497627 0.0015)
(0.0010883883 0.0010883883 0.0015)
(0.00110606598 0.00110606598 0.0015)
(0.00112374366 0.00112374366 0.0015)
(0.00114142134 0.00114142134 0.0015)
(0.00115909902 0.00115909902 0.0015)
(0.0011767767 0.0011767767 0.0015)
(0.00094696702 0.0010883883 0)
(0.00098232234 0.0010883883 0)
(0.00101767766 0.0010883883 0)
(0.00105303298 0.0010883883 0)
(0.0009348740907 0.001115260967 0)
(0.0009780361487 0.001120095057 0)
(0.001021963851 0.001120095057 0)
(0.001065125909 0.001115260967 0)
(0.0009227811613 0.001142133633 0)
(0.0009737499573 0.001151801814 0)
(0.001026250043 0.001151801814 0)
(0.001077218839 0.001142133633 0)
(0.000910688232 0.0011690063 0)
(0.000969463766 0.001183508571 0)
(0.001030536234 0.001183508571 0)
(0.001089311768 0.0011690063 0)
(0.0008985953027 0.001195878966 0)
(0.0009651775747 0.001215215328 0)
(0.001034822425 0.001215215328 0)
(0.001101404697 0.001195878966 0)
(0.0008865023733 0.001222751633 0)
(0.0009608913834 0.001246922085 0)
(0.001039108617 0.001246922085 0)
(0.001113497627 0.001222751633 0)
(0.00094696702 0.0010883883 0.00015)
(0.00098232234 0.0010883883 0.00015)
(0.00101767766 0.0010883883 0.00015)
(0.00105303298 0.0010883883 0.00015)
(0.0009348740907 0.001115260967 0.00015)
(0.0009780361487 0.001120095057 0.00015)
(0.001021963851 0.001120095057 0.00015)
(0.001065125909 0.001115260967 0.00015)
(0.0009227811613 0.001142133633 0.00015)
(0.0009737499573 0.001151801814 0.00015)
(0.001026250043 0.001151801814 0.00015)
(0.001077218839 0.001142133633 0.00015)
(0.000910688232 0.0011690063 0.00015)
(0.000969463766 0.001183508571 0.00015)
(0.001030536234 0.001183508571 0.00015)
(0.001089311768 0.0011690063 0.00015)
(0.0008985953027 0.001195878966 0.00015)
(0.0009651775747 0.001215215328 0.00015)
(0.001034822425 0.001215215328 0.00015)
(0.001101404697 0.001195878966 0.00015)
(0.0008865023733 0.001222751633 0.00015)
(0.0009608913834 0.001246922085 0.00015)
(0.001039108617 0.001246922085 0.00015)
(0.001113497627 0.001222751633 0.00015)
(0.00094696702 0.0010883883 0.0003)
(0.00098232234 0.0010883883 0.0003)
(0.00101767766 0.0010883883 0.0003)
(0.00105303298 0.0010883883 0.0003)
(0.0009348740907 0.001115260967 0.0003)
(0.0009780361487 0.001120095057 0.0003)
(0.001021963851 0.001120095057 0.0003)
(0.001065125909 0.001115260967 0.0003)
(0.0009227811613 0.001142133633 0.0003)
(0.0009737499573 0.001151801814 0.0003)
(0.001026250043 0.001151801814 0.0003)
(0.001077218839 0.001142133633 0.0003)
(0.000910688232 0.0011690063 0.0003)
(0.000969463766 0.001183508571 0.0003)
(0.001030536234 0.001183508571 0.0003)
(0.001089311768 0.0011690063 0.0003)
(0.0008985953027 0.001195878966 0.0003)
(0.0009651775747 0.001215215328 0.0003)
(0.001034822425 0.001215215328 0.0003)
(0.001101404697 0.001195878966 0.0003)
(0.0008865023733 0.001222751633 0.0003)
(0.0009608913834 0.001246922085 0.0003)
(0.001039108617 0.001246922085 0.0003)
(0.001113497627 0.001222751633 0.0003)
(0.00094696702 0.0010883883 0.00045)
(0.00098232234 0.0010883883 0.00045)
(0.00101767766 0.0010883883 0.00045)
(0.00105303298 0.0010883883 0.00045)
(0.0009348740907 0.001115260967 0.00045)
(0.0009780361487 0.001120095057 0.00045)
(0.001021963851 0.001120095057 0.00045)
(0.001065125909 0.001115260967 0.00045)
(0.0009227811613 0.001142133633 0.00045)
(0.0009737499573 0.001151801814 0.00045)
(0.001026250043 0.001151801814 0.00045)
(0.001077218839 0.001142133633 0.00045)
(0.000910688232 0.0011690063 0.00045)
(0.000969463766 0.001183508571 0.00045)
(0.001030536234 0.001183508571 0.00045)
(0.001089311768 0.0011690063 0.00045)
(0.0008985953027 0.001195878966 0.00045)
(0.0009651775747 0.001215215328 0.00045)
(0.001034822425 0.001215215328 0.00045)
(0.001101404697 0.001195878966 0.00045)
(0.0008865023733 0.001222751633 0.00045)
(0.0009608913834 0.001246922085 0.00045)
(0.001039108617 0.001246922085 0.00045)
(0.001113497627 0.001222751633 0.00045)
(0.00094696702 0.0010883883 0.0006)
(0.00098232234 0.0010883883 0.0006)
(0.00101767766 0.0010883883 0.0006)
(0.00105303298 0.0010883883 0.0006)
(0.0009348740907 0.001115260967 0.0006)
(0.0009780361487 0.001120095057 0.0006)
(0.001021963851 0.001120095057 0.0006)
(0.001065125909 0.001115260967 0.0006)
(0.0009227811613 0.001142133633 0.0006)
(0.0009737499573 0.001151801814 0.0006)
(0.001026250043 0.001151801814 0.0006)
(0.001077218839 0.001142133633 0.0006)
(0.000910688232 0.0011690063 0.0006)
(0.000969463766 0.001183508571 0.0006)
(0.001030536234 0.001183508571 0.0006)
(0.001089311768 0.0011690063 0.0006)
(0.0008985953027 0.001195878966 0.0006)
(0.0009651775747 0.001215215328 0.0006)
(0.001034822425 0.001215215328 0.0006)
(0.001101404697 0.001195878966 0.0006)
(0.0008865023733 0.001222751633 0.0006)
(0.0009608913834 0.001246922085 0.0006)
(0.001039108617 0.001246922085 0.0006)
(0.001113497627 0.001222751633 0.0006)
(0.00094696702 0.0010883883 0.00075)
(0.00098232234 0.0010883883 0.00075)
(0.00101767766 0.0010883883 0.00075)
(0.00105303298 0.0010883883 0.00075)
(0.0009348740907 0.001115260967 0.00075)
(0.0009780361487 0.001120095057 0.00075)
(0.001021963851 0.001120095057 0.00075)
(0.001065125909 0.001115260967 0.00075)
(0.0009227811613 0.001142133633 0.00075)
(0.0009737499573 0.001151801814 0.00075)
(0.001026250043 0.001151801814 0.00075)
(0.001077218839 0.001142133633 0.00075)
(0.000910688232 0.0011690063 0.00075)
(0.000969463766 0.001183508571 0.00075)
(0.001030536234 0.001183508571 0.00075)
(0.001089311768 0.0011690063 0.00075)
(0.0008985953027 0.001195878966 0.00075)
(0.0009651775747 0.001215215328 0.00075)
(0.001034822425 0.001215215328 0.00075)
(0.001101404697 0.001195878966 0.00075)
(0.0008865023733 0.001222751633 0.00075)
(0.0009608913834 0.001246922085 0.00075)
(0.001039108617 0.001246922085 0.00075)
(0.001113497627 0.001222751633 0.00075)
(0.00094696702 0.0010883883 0.0009)
(0.00098232234 0.0010883883 0.0009)
(0.00101767766 0.0010883883 0.0009)
(0.00105303298 0.0010883883 0.0009)
(0.0009348740907 0.001115260967 0.0009)
(0.0009780361487 0.001120095057 0.0009)
(0.001021963851 0.001120095057 0.0009)
(0.001065125909 0.001115260967 0.0009)
(0.0009227811613 0.001142133633 0.0009)
(0.0009737499573 0.001151801814 0.0009)
(0.001026250043 0.001151801814 0.0009)
(0.001077218839 0.001142133633 0.0009)
(0.000910688232 0.0011690063 0.0009)
(0.000969463766 0.001183508571 0.0009)
(0.001030536234 0.001183508571 0.0009)
(0.001089311768 0.0011690063 0.0009)
(0.0008985953027 0.001195878966 0.0009)
(0.0009651775747 0.001215215328 0.0009)
(0.001034822425 0.001215215328 0.0009)
(0.001101404697 0.001195878966 0.0009)
(0.0008865023733 0.001222751633 0.0009)
(0.0009608913834 0.001246922085 0.0009)
(0.001039108617 0.001246922085 0.0009)
(0.001113497627 0.001222751633 0.0009)
(0.00094696702 0.0010883883 0.00105)
(0.00098232234 0.0010883883 0.00105)
(0.00101767766 0.0010883883 0.00105)
(0.00105303298 0.0010883883 0.00105)
(0.0009348740907 0.001115260967 0.00105)
(0.0009780361487 0.001120095057 0.00105)
(0.001021963851 0.001120095057 0.00105)
(0.001065125909 0.001115260967 0.00105)
(0.0009227811613 0.001142133633 0.00105)
(0.0009737499573 0.001151801814 0.00105)
(0.001026250043 0.001151801814 0.00105)
(0.001077218839 0.001142133633 0.00105)
(0.000910688232 0.0011690063 0.00105)
(0.000969463766 0.001183508571 0.00105)
(0.001030536234 0.001183508571 0.00105)
(0.001089311768 0.0011690063 0.00105)
(0.0008985953027 0.001195878966 0.00105)
(0.0009651775747 0.001215215328 0.00105)
(0.001034822425 0.001215215328 0.00105)
(0.001101404697 0.001195878966 0.00105)
(0.0008865023733 0.001222751633 0.00105)
(0.0009608913834 0.001246922085 0.00105)
(0.001039108617 0.001246922085 0.00105)
(0.001113497627 0.001222751633 0.00105)
(0.00094696702 0.0010883883 0.0012)
(0.00098232234 0.0010883883 0.0012)
(0.00101767766 0.0010883883 0.0012)
(0.00105303298 0.0010883883 0.0012)
(0.0009348740907 0.001115260967 0.0012)
(0.0009780361487 0.001120095057 0.0012)
(0.001021963851 0.001120095057 0.0012)
(0.001065125909 0.001115260967 0.0012)
(0.0009227811613 0.001142133633 0.0012)
(0.0009737499573 0.001151801814 0.0012)
(0.001026250043 0.001151801814 0.0012)
(0.001077218839 0.001142133633 0.0012)
(0.000910688232 0.0011690063 0.0012)
(0.000969463766 0.001183508571 0.0012)
(0.001030536234 0.001183508571 0.0012)
(0.001089311768 0.0011690063 0.0012)
(0.0008985953027 0.001195878966 0.0012)
(0.0009651775747 0.001215215328 0.0012)
(0.001034822425 0.001215215328 0.0012)
(0.001101404697 0.001195878966 0.0012)
(0.0008865023733 0.001222751633 0.0012)
(0.0009608913834 0.001246922085 0.0012)
(0.001039108617 0.001246922085 0.0012)
(0.001113497627 0.001222751633 0.0012)
(0.00094696702 0.0010883883 0.00135)
(0.00098232234 0.0010883883 0.00135)
(0.00101767766 0.0010883883 0.00135)
(0.00105303298 0.0010883883 0.00135)
(0.0009348740907 0.001115260967 0.00135)
(0.0009780361487 0.001120095057 0.00135)
(0.001021963851 0.001120095057 0.00135)
(0.001065125909 0.001115260967 0.00135)
(0.0009227811613 0.001142133633 0.00135)
(0.0009737499573 0.001151801814 0.00135)
(0.001026250043 0.001151801814 0.00135)
(0.001077218839 0.001142133633 0.00135)
(0.000910688232 0.0011690063 0.00135)
(0.000969463766 0.001183508571 0.00135)
(0.001030536234 0.001183508571 0.00135)
(0.001089311768 0.0011690063 0.00135)
(0.0008985953027 0.001195878966 0.00135)
(0.0009651775747 0.001215215328 0.00135)
(0.001034822425 0.001215215328 0.00135)
(0.001101404697 0.001195878966 0.00135)
(0.0008865023733 0.001222751633 0.00135)
(0.0009608913834 0.001246922085 0.00135)
(0.001039108617 0.001246922085 0.00135)
(0.001113497627 0.001222751633 0.00135)
(0.00094696702 0.0010883883 0.0015)
(0.00098232234 0.0010883883 0.0015)
(0.00101767766 0.0010883883 0.0015)
(0.00105303298 0.0010883883 0.0015)
(0.0009348740907 0.001115260967 0.0015)
(0.0009780361487 0.001120095057 0.0015)
(0.001021963851 0.001120095057 0.0015)
(0.001065125909 0.001115260967 0.0015)
(0.0009227811613 0.001142133633 0.0015)
(0.0009737499573 0.001151801814 0.0015)
(0.001026250043 0.001151801814 0.0015)
(0.001077218839 0.001142133633 0.0015)
(0.000910688232 0.0011690063 0.0015)
(0.000969463766 0.001183508571 0.0015)
(0.001030536234 0.001183508571 0.0015)
(0.001089311768 0.0011690063 0.0015)
(0.0008985953027 0.001195878966 0.0015)
(0.0009651775747 0.001215215328 0.0015)
(0.001034822425 0.001215215328 0.0015)
(0.001101404697 0.001195878966 0.0015)
(0.0008865023733 0.001222751633 0.0015)
(0.0009608913834 0.001246922085 0.0015)
(0.001039108617 0.001246922085 0.0015)
(0.001113497627 0.001222751633 0.0015)
(0.00094696702 0.00094696702 0)
(0.00098232234 0.00094696702 0)
(0.00101767766 0.00094696702 0)
(0.00105303298 0.00094696702 0)
(0.00094696702 0.00098232234 0)
(0.00098232234 0.00098232234 0)
(0.00101767766 0.00098232234 0)
(0.00105303298 0.00098232234 0)
(0.00094696702 0.00101767766 0)
(0.00098232234 0.00101767766 0)
(0.00101767766 0.00101767766 0)
(0.00105303298 0.00101767766 0)
(0.00094696702 0.00105303298 0)
(0.00098232234 0.00105303298 0)
(0.00101767766 0.00105303298 0)
(0.00105303298 0.00105303298 0)
(0.00094696702 0.00094696702 0.00015)
(0.00098232234 0.00094696702 0.00015)
(0.00101767766 0.00094696702 0.00015)
(0.00105303298 0.00094696702 0.00015)
(0.00094696702 0.00098232234 0.00015)
(0.00098232234 0.00098232234 0.00015)
(0.00101767766 0.00098232234 0.00015)
(0.00105303298 0.00098232234 0.00015)
(0.00094696702 0.00101767766 0.00015)
(0.00098232234 0.00101767766 0.00015)
(0.00101767766 0.00101767766 0.00015)
(0.00105303298 0.00101767766 0.00015)
(0.00094696702 0.00105303298 0.00015)
(0.00098232234 0.00105303298 0.00015)
(0.00101767766 0.00105303298 0.00015)
(0.00105303298 0.00105303298 0.00015)
(0.00094696702 0.00094696702 0.0003)
(0.00098232234 0.00094696702 0.0003)
(0.00101767766 0.00094696702 0.0003)
(0.00105303298 0.00094696702 0.0003)
(0.00094696702 0.00098232234 0.0003)
(0.00098232234 0.00098232234 0.0003)
(0.00101767766 0.00098232234 0.0003)
(0.00105303298 0.00098232234 0.0003)
(0.00094696702 0.00101767766 0.0003)
(0.00098232234 0.00101767766 0.0003)
(0.00101767766 0.00101767766 0.0003)
(0.00105303298 0.00101767766 0.0003)
(0.00094696702 0.00105303298 0.0003)
(0.00098232234 0.00105303298 0.0003)
(0.00101767766 0.00105303298 0.0003)
(0.00105303298 0.00105303298 0.0003)
(0.00094696702 0.00094696702 0.00045)
(0.00098232234 0.00094696702 0.00045)
(0.00101767766 0.00094696702 0.00045)
(0.00105303298 0.00094696702 0.00045)
(0.00094696702 0.00098232234 0.00045)
(0.00098232234 0.00098232234 0.00045)
(0.00101767766 0.00098232234 0.00045)
(0.00105303298 0.00098232234 0.00045)
(0.00094696702 0.00101767766 0.00045)
(0.00098232234 0.00101767766 0.00045)
(0.00101767766 0.00101767766 0.00045)
(0.00105303298 0.00101767766 0.00045)
(0.00094696702 0.00105303298 0.00045)
(0.00098232234 0.00105303298 0.00045)
(0.00101767766 0.00105303298 0.00045)
(0.00105303298 0.00105303298 0.00045)
(0.00094696702 0.00094696702 0.0006)
(0.00098232234 0.00094696702 0.0006)
(0.00101767766 0.00094696702 0.0006)
(0.00105303298 0.00094696702 0.0006)
(0.00094696702 0.00098232234 0.0006)
(0.00098232234 0.00098232234 0.0006)
(0.00101767766 0.00098232234 0.0006)
(0.00105303298 0.00098232234 0.0006)
(0.00094696702 0.00101767766 0.0006)
(0.00098232234 0.00101767766 0.0006)
(0.00101767766 0.00101767766 0.0006)
(0.00105303298 0.00101767766 0.0006)
(0.00094696702 0.00105303298 0.0006)
(0.00098232234 0.00105303298 0.0006)
(0.00101767766 0.00105303298 0.0006)
(0.00105303298 0.00105303298 0.0006)
(0.00094696702 0.00094696702 0.00075)
(0.00098232234 0.00094696702 0.00075)
(0.00101767766 0.00094696702 0.00075)
(0.00105303298 0.00094696702 0.00075)
(0.00094696702 0.00098232234 0.00075)
(0.00098232234 0.00098232234 0.00075)
(0.00101767766 0.00098232234 0.00075)
(0.00105303298 0.00098232234 0.00075)
(0.00094696702 0.00101767766 0.00075)
(0.00098232234 0.00101767766 0.00075)
(0.00101767766 0.00101767766 0.00075)
(0.00105303298 0.00101767766 0.00075)
(0.00094696702 0.00105303298 0.00075)
(0.00098232234 0.00105303298 0.00075)
(0.00101767766 0.00105303298 0.00075)
(0.00105303298 0.00105303298 0.00075)
(0.00094696702 0.00094696702 0.0009)
(0.00098232234 0.00094696702 0.0009)
(0.00101767766 0.00094696702 0.0009)
(0.00105303298 0.00094696702 0.0009)
(0.00094696702 0.00098232234 0.0009)
(0.00098232234 0.00098232234 0.0009)
(0.00101767766 0.00098232234 0.0009)
(0.00105303298 0.00098232234 0.0009)
(0.00094696702 0.00101767766 0.0009)
(0.00098232234 0.00101767766 0.0009)
(0.00101767766 0.00101767766 0.0009)
(0.00105303298 0.00101767766 0.0009)
(0.00094696702 0.00105303298 0.0009)
(0.00098232234 0.00105303298 0.0009)
(0.00101767766 0.00105303298 0.0009)
(0.00105303298 0.00105303298 0.0009)
(0.00094696702 0.00094696702 0.00105)
(0.00098232234 0.00094696702 0.00105)
(0.00101767766 0.00094696702 0.00105)
(0.00105303298 0.00094696702 0.00105)
(0.00094696702 0.00098232234 0.00105)
(0.00098232234 0.00098232234 0.00105)
(0.00101767766 0.00098232234 0.00105)
(0.00105303298 0.00098232234 0.00105)
(0.00094696702 0.00101767766 0.00105)
(0.00098232234 0.00101767766 0.00105)
(0.00101767766 0.00101767766 0.00105)
(0.00105303298 0.00101767766 0.00105)
(0.00094696702 0.00105303298 0.00105)
(0.00098232234 0.00105303298 0.00105)
(0.00101767766 0.00105303298 0.00105)
(0.00105303298 0.00105303298 0.00105)
(0.00094696702 0.00094696702 0.0012)
(0.00098232234 0.00094696702 0.0012)
(0.00101767766 0.00094696702 0.0012)
(0.00105303298 0.00094696702 0.0012)
(0.00094696702 0.00098232234 0.0012)
(0.00098232234 0.00098232234 0.0012)
(0.00101767766 0.00098232234 0.0012)
(0.00105303298 0.00098232234 0.0012)
(0.00094696702 0.00101767766 0.0012)
(0.00098232234 0.00101767766 0.0012)
(0.00101767766 0.00101767766 0.0012)
(0.00105303298 0.00101767766 0.0012)
(0.00094696702 0.00105303298 0.0012)
(0.00098232234 0.00105303298 0.0012)
(0.00101767766 0.00105303298 0.0012)
(0.00105303298 0.00105303298 0.0012)
(0.00094696702 0.00094696702 0.00135)
(0.00098232234 0.00094696702 0.00135)
(0.00101767766 0.00094696702 0.00135)
(0.00105303298 0.00094696702 0.00135)
(0.00094696702 0.00098232234 0.00135)
(0.00098232234 0.00098232234 0.00135)
(0.00101767766 0.00098232234 0.00135)
(0.00105303298 0.00098232234 0.00135)
(0.00094696702 0.00101767766 0.00135)
(0.00098232234 0.00101767766 0.00135)
(0.00101767766 0.00101767766 0.00135)
(0.00105303298 0.00101767766 0.00135)
(0.00094696702 0.00105303298 0.00135)
(0.00098232234 0.00105303298 0.00135)
(0.00101767766 0.00105303298 0.00135)
(0.00105303298 0.00105303298 0.00135)
(0.00094696702 0.00094696702 0.0015)
(0.00098232234 0.00094696702 0.0015)
(0.00101767766 0.00094696702 0.0015)
(0.00105303298 0.00094696702 0.0015)
(0.00094696702 0.00098232234 0.0015)
(0.00098232234 0.00098232234 0.0015)
(0.00101767766 0.00098232234 0.0015)
(0.00105303298 0.00098232234 0.0015)
(0.00094696702 0.00101767766 0.0015)
(0.00098232234 0.00101767766 0.0015)
(0.00101767766 0.00101767766 0.0015)
(0.00105303298 0.00101767766 0.0015)
(0.00094696702 0.00105303298 0.0015)
(0.00098232234 0.00105303298 0.0015)
(0.00101767766 0.00105303298 0.0015)
(0.00105303298 0.00105303298 0.0015)
)


// ************************************************************************* //
