/*--------------------------------*- C++ -*----------------------------------*\
| =========                 |                                                 |
| \\      /  F ield         | foam-extend: Open Source CFD                    |
|  \\    /   O peration     | Version:     4.0                                |
|   \\  /    A nd           | Web:         http://www.foam-extend.org         |
|    \\/     M anipulation  |                                                 |
\*---------------------------------------------------------------------------*/
FoamFile
{
    version     2.0;
    format      ascii;
    class       faceList;
    location    "constant/polyMesh";
    object      faces;
}
// * * * * * * * * * * * * * * * * * * * * * * * * * * * * * * * * * * * * * //


3975
(
4(1 7 43 37)
4(6 42 43 7)
4(36 37 43 42)
4(0 1 37 36)
4(2 8 44 38)
4(7 43 44 8)
4(37 38 44 43)
4(1 2 38 37)
4(3 9 45 39)
4(8 44 45 9)
4(38 39 45 44)
4(2 3 39 38)
4(4 10 46 40)
4(9 45 46 10)
4(39 40 46 45)
4(3 4 40 39)
4(10 46 47 11)
4(40 41 47 46)
4(4 5 41 40)
4(5 11 47 41)
4(7 13 49 43)
4(12 48 49 13)
4(42 43 49 48)
4(8 14 50 44)
4(13 49 50 14)
4(43 44 50 49)
4(9 15 51 45)
4(14 50 51 15)
4(44 45 51 50)
4(10 16 52 46)
4(15 51 52 16)
4(45 46 52 51)
4(16 52 53 17)
4(46 47 53 52)
4(11 17 53 47)
4(13 19 55 49)
4(18 54 55 19)
4(48 49 55 54)
4(14 20 56 50)
4(19 55 56 20)
4(49 50 56 55)
4(15 21 57 51)
4(20 56 57 21)
4(50 51 57 56)
4(16 22 58 52)
4(21 57 58 22)
4(51 52 58 57)
4(22 58 59 23)
4(52 53 59 58)
4(17 23 59 53)
4(19 25 61 55)
4(24 60 61 25)
4(54 55 61 60)
4(20 26 62 56)
4(25 61 62 26)
4(55 56 62 61)
4(21 27 63 57)
4(26 62 63 27)
4(56 57 63 62)
4(22 28 64 58)
4(27 63 64 28)
4(57 58 64 63)
4(28 64 65 29)
4(58 59 65 64)
4(23 29 65 59)
4(25 31 67 61)
4(60 61 67 66)
4(30 66 67 31)
4(26 32 68 62)
4(61 62 68 67)
4(31 67 68 32)
4(27 33 69 63)
4(62 63 69 68)
4(32 68 69 33)
4(28 34 70 64)
4(63 64 70 69)
4(33 69 70 34)
4(64 65 71 70)
4(34 70 71 35)
4(29 35 71 65)
4(37 43 79 73)
4(42 78 79 43)
4(72 73 79 78)
4(36 37 73 72)
4(38 44 80 74)
4(43 79 80 44)
4(73 74 80 79)
4(37 38 74 73)
4(39 45 81 75)
4(44 80 81 45)
4(74 75 81 80)
4(38 39 75 74)
4(40 46 82 76)
4(45 81 82 46)
4(75 76 82 81)
4(39 40 76 75)
4(46 82 83 47)
4(76 77 83 82)
4(40 41 77 76)
4(41 47 83 77)
4(43 49 85 79)
4(48 84 85 49)
4(78 79 85 84)
4(44 50 86 80)
4(49 85 86 50)
4(79 80 86 85)
4(45 51 87 81)
4(50 86 87 51)
4(80 81 87 86)
4(46 52 88 82)
4(51 87 88 52)
4(81 82 88 87)
4(52 88 89 53)
4(82 83 89 88)
4(47 53 89 83)
4(49 55 91 85)
4(54 90 91 55)
4(84 85 91 90)
4(50 56 92 86)
4(55 91 92 56)
4(85 86 92 91)
4(51 57 93 87)
4(56 92 93 57)
4(86 87 93 92)
4(52 58 94 88)
4(57 93 94 58)
4(87 88 94 93)
4(58 94 95 59)
4(88 89 95 94)
4(53 59 95 89)
4(55 61 97 91)
4(60 96 97 61)
4(90 91 97 96)
4(56 62 98 92)
4(61 97 98 62)
4(91 92 98 97)
4(57 63 99 93)
4(62 98 99 63)
4(92 93 99 98)
4(58 64 100 94)
4(63 99 100 64)
4(93 94 100 99)
4(64 100 101 65)
4(94 95 101 100)
4(59 65 101 95)
4(61 67 103 97)
4(96 97 103 102)
4(66 102 103 67)
4(62 68 104 98)
4(97 98 104 103)
4(67 103 104 68)
4(63 69 105 99)
4(98 99 105 104)
4(68 104 105 69)
4(64 70 106 100)
4(99 100 106 105)
4(69 105 106 70)
4(100 101 107 106)
4(70 106 107 71)
4(65 71 107 101)
4(73 79 115 109)
4(78 114 115 79)
4(108 109 115 114)
4(72 73 109 108)
4(74 80 116 110)
4(79 115 116 80)
4(109 110 116 115)
4(73 74 110 109)
4(75 81 117 111)
4(80 116 117 81)
4(110 111 117 116)
4(74 75 111 110)
4(76 82 118 112)
4(81 117 118 82)
4(111 112 118 117)
4(75 76 112 111)
4(82 118 119 83)
4(112 113 119 118)
4(76 77 113 112)
4(77 83 119 113)
4(79 85 121 115)
4(84 120 121 85)
4(114 115 121 120)
4(80 86 122 116)
4(85 121 122 86)
4(115 116 122 121)
4(81 87 123 117)
4(86 122 123 87)
4(116 117 123 122)
4(82 88 124 118)
4(87 123 124 88)
4(117 118 124 123)
4(88 124 125 89)
4(118 119 125 124)
4(83 89 125 119)
4(85 91 127 121)
4(90 126 127 91)
4(120 121 127 126)
4(86 92 128 122)
4(91 127 128 92)
4(121 122 128 127)
4(87 93 129 123)
4(92 128 129 93)
4(122 123 129 128)
4(88 94 130 124)
4(93 129 130 94)
4(123 124 130 129)
4(94 130 131 95)
4(124 125 131 130)
4(89 95 131 125)
4(91 97 133 127)
4(96 132 133 97)
4(126 127 133 132)
4(92 98 134 128)
4(97 133 134 98)
4(127 128 134 133)
4(93 99 135 129)
4(98 134 135 99)
4(128 129 135 134)
4(94 100 136 130)
4(99 135 136 100)
4(129 130 136 135)
4(100 136 137 101)
4(130 131 137 136)
4(95 101 137 131)
4(97 103 139 133)
4(132 133 139 138)
4(102 138 139 103)
4(98 104 140 134)
4(133 134 140 139)
4(103 139 140 104)
4(99 105 141 135)
4(134 135 141 140)
4(104 140 141 105)
4(100 106 142 136)
4(135 136 142 141)
4(105 141 142 106)
4(136 137 143 142)
4(106 142 143 107)
4(101 107 143 137)
4(109 115 151 145)
4(114 150 151 115)
4(144 145 151 150)
4(108 109 145 144)
4(110 116 152 146)
4(115 151 152 116)
4(145 146 152 151)
4(109 110 146 145)
4(111 117 153 147)
4(116 152 153 117)
4(146 147 153 152)
4(110 111 147 146)
4(112 118 154 148)
4(117 153 154 118)
4(147 148 154 153)
4(111 112 148 147)
4(118 154 155 119)
4(148 149 155 154)
4(112 113 149 148)
4(113 119 155 149)
4(115 121 157 151)
4(120 156 157 121)
4(150 151 157 156)
4(116 122 158 152)
4(121 157 158 122)
4(151 152 158 157)
4(117 123 159 153)
4(122 158 159 123)
4(152 153 159 158)
4(118 124 160 154)
4(123 159 160 124)
4(153 154 160 159)
4(124 160 161 125)
4(154 155 161 160)
4(119 125 161 155)
4(121 127 163 157)
4(126 162 163 127)
4(156 157 163 162)
4(122 128 164 158)
4(127 163 164 128)
4(157 158 164 163)
4(123 129 165 159)
4(128 164 165 129)
4(158 159 165 164)
4(124 130 166 160)
4(129 165 166 130)
4(159 160 166 165)
4(130 166 167 131)
4(160 161 167 166)
4(125 131 167 161)
4(127 133 169 163)
4(132 168 169 133)
4(162 163 169 168)
4(128 134 170 164)
4(133 169 170 134)
4(163 164 170 169)
4(129 135 171 165)
4(134 170 171 135)
4(164 165 171 170)
4(130 136 172 166)
4(135 171 172 136)
4(165 166 172 171)
4(136 172 173 137)
4(166 167 173 172)
4(131 137 173 167)
4(133 139 175 169)
4(168 169 175 174)
4(138 174 175 139)
4(134 140 176 170)
4(169 170 176 175)
4(139 175 176 140)
4(135 141 177 171)
4(170 171 177 176)
4(140 176 177 141)
4(136 142 178 172)
4(171 172 178 177)
4(141 177 178 142)
4(172 173 179 178)
4(142 178 179 143)
4(137 143 179 173)
4(145 151 187 181)
4(150 186 187 151)
4(180 181 187 186)
4(144 145 181 180)
4(146 152 188 182)
4(151 187 188 152)
4(181 182 188 187)
4(145 146 182 181)
4(147 153 189 183)
4(152 188 189 153)
4(182 183 189 188)
4(146 147 183 182)
4(148 154 190 184)
4(153 189 190 154)
4(183 184 190 189)
4(147 148 184 183)
4(154 190 191 155)
4(184 185 191 190)
4(148 149 185 184)
4(149 155 191 185)
4(151 157 193 187)
4(156 192 193 157)
4(186 187 193 192)
4(152 158 194 188)
4(157 193 194 158)
4(187 188 194 193)
4(153 159 195 189)
4(158 194 195 159)
4(188 189 195 194)
4(154 160 196 190)
4(159 195 196 160)
4(189 190 196 195)
4(160 196 197 161)
4(190 191 197 196)
4(155 161 197 191)
4(157 163 199 193)
4(162 198 199 163)
4(192 193 199 198)
4(158 164 200 194)
4(163 199 200 164)
4(193 194 200 199)
4(159 165 201 195)
4(164 200 201 165)
4(194 195 201 200)
4(160 166 202 196)
4(165 201 202 166)
4(195 196 202 201)
4(166 202 203 167)
4(196 197 203 202)
4(161 167 203 197)
4(163 169 205 199)
4(168 204 205 169)
4(198 199 205 204)
4(164 170 206 200)
4(169 205 206 170)
4(199 200 206 205)
4(165 171 207 201)
4(170 206 207 171)
4(200 201 207 206)
4(166 172 208 202)
4(171 207 208 172)
4(201 202 208 207)
4(172 208 209 173)
4(202 203 209 208)
4(167 173 209 203)
4(169 175 211 205)
4(204 205 211 210)
4(174 210 211 175)
4(170 176 212 206)
4(205 206 212 211)
4(175 211 212 176)
4(171 177 213 207)
4(206 207 213 212)
4(176 212 213 177)
4(172 178 214 208)
4(207 208 214 213)
4(177 213 214 178)
4(208 209 215 214)
4(178 214 215 179)
4(173 179 215 209)
4(181 187 223 217)
4(186 222 223 187)
4(216 217 223 222)
4(180 181 217 216)
4(182 188 224 218)
4(187 223 224 188)
4(217 218 224 223)
4(181 182 218 217)
4(183 189 225 219)
4(188 224 225 189)
4(218 219 225 224)
4(182 183 219 218)
4(184 190 226 220)
4(189 225 226 190)
4(219 220 226 225)
4(183 184 220 219)
4(190 226 227 191)
4(220 221 227 226)
4(184 185 221 220)
4(185 191 227 221)
4(187 193 229 223)
4(192 228 229 193)
4(222 223 229 228)
4(188 194 230 224)
4(193 229 230 194)
4(223 224 230 229)
4(189 195 231 225)
4(194 230 231 195)
4(224 225 231 230)
4(190 196 232 226)
4(195 231 232 196)
4(225 226 232 231)
4(196 232 233 197)
4(226 227 233 232)
4(191 197 233 227)
4(193 199 235 229)
4(198 234 235 199)
4(228 229 235 234)
4(194 200 236 230)
4(199 235 236 200)
4(229 230 236 235)
4(195 201 237 231)
4(200 236 237 201)
4(230 231 237 236)
4(196 202 238 232)
4(201 237 238 202)
4(231 232 238 237)
4(202 238 239 203)
4(232 233 239 238)
4(197 203 239 233)
4(199 205 241 235)
4(204 240 241 205)
4(234 235 241 240)
4(200 206 242 236)
4(205 241 242 206)
4(235 236 242 241)
4(201 207 243 237)
4(206 242 243 207)
4(236 237 243 242)
4(202 208 244 238)
4(207 243 244 208)
4(237 238 244 243)
4(208 244 245 209)
4(238 239 245 244)
4(203 209 245 239)
4(205 211 247 241)
4(240 241 247 246)
4(210 246 247 211)
4(206 212 248 242)
4(241 242 248 247)
4(211 247 248 212)
4(207 213 249 243)
4(242 243 249 248)
4(212 248 249 213)
4(208 214 250 244)
4(243 244 250 249)
4(213 249 250 214)
4(244 245 251 250)
4(214 250 251 215)
4(209 215 251 245)
4(217 223 259 253)
4(222 258 259 223)
4(252 253 259 258)
4(216 217 253 252)
4(218 224 260 254)
4(223 259 260 224)
4(253 254 260 259)
4(217 218 254 253)
4(219 225 261 255)
4(224 260 261 225)
4(254 255 261 260)
4(218 219 255 254)
4(220 226 262 256)
4(225 261 262 226)
4(255 256 262 261)
4(219 220 256 255)
4(226 262 263 227)
4(256 257 263 262)
4(220 221 257 256)
4(221 227 263 257)
4(223 229 265 259)
4(228 264 265 229)
4(258 259 265 264)
4(224 230 266 260)
4(229 265 266 230)
4(259 260 266 265)
4(225 231 267 261)
4(230 266 267 231)
4(260 261 267 266)
4(226 232 268 262)
4(231 267 268 232)
4(261 262 268 267)
4(232 268 269 233)
4(262 263 269 268)
4(227 233 269 263)
4(229 235 271 265)
4(234 270 271 235)
4(264 265 271 270)
4(230 236 272 266)
4(235 271 272 236)
4(265 266 272 271)
4(231 237 273 267)
4(236 272 273 237)
4(266 267 273 272)
4(232 238 274 268)
4(237 273 274 238)
4(267 268 274 273)
4(238 274 275 239)
4(268 269 275 274)
4(233 239 275 269)
4(235 241 277 271)
4(240 276 277 241)
4(270 271 277 276)
4(236 242 278 272)
4(241 277 278 242)
4(271 272 278 277)
4(237 243 279 273)
4(242 278 279 243)
4(272 273 279 278)
4(238 244 280 274)
4(243 279 280 244)
4(273 274 280 279)
4(244 280 281 245)
4(274 275 281 280)
4(239 245 281 275)
4(241 247 283 277)
4(276 277 283 282)
4(246 282 283 247)
4(242 248 284 278)
4(277 278 284 283)
4(247 283 284 248)
4(243 249 285 279)
4(278 279 285 284)
4(248 284 285 249)
4(244 250 286 280)
4(279 280 286 285)
4(249 285 286 250)
4(280 281 287 286)
4(250 286 287 251)
4(245 251 287 281)
4(253 259 295 289)
4(258 294 295 259)
4(288 289 295 294)
4(252 253 289 288)
4(254 260 296 290)
4(259 295 296 260)
4(289 290 296 295)
4(253 254 290 289)
4(255 261 297 291)
4(260 296 297 261)
4(290 291 297 296)
4(254 255 291 290)
4(256 262 298 292)
4(261 297 298 262)
4(291 292 298 297)
4(255 256 292 291)
4(262 298 299 263)
4(292 293 299 298)
4(256 257 293 292)
4(257 263 299 293)
4(259 265 301 295)
4(264 300 301 265)
4(294 295 301 300)
4(260 266 302 296)
4(265 301 302 266)
4(295 296 302 301)
4(261 267 303 297)
4(266 302 303 267)
4(296 297 303 302)
4(262 268 304 298)
4(267 303 304 268)
4(297 298 304 303)
4(268 304 305 269)
4(298 299 305 304)
4(263 269 305 299)
4(265 271 307 301)
4(270 306 307 271)
4(300 301 307 306)
4(266 272 308 302)
4(271 307 308 272)
4(301 302 308 307)
4(267 273 309 303)
4(272 308 309 273)
4(302 303 309 308)
4(268 274 310 304)
4(273 309 310 274)
4(303 304 310 309)
4(274 310 311 275)
4(304 305 311 310)
4(269 275 311 305)
4(271 277 313 307)
4(276 312 313 277)
4(306 307 313 312)
4(272 278 314 308)
4(277 313 314 278)
4(307 308 314 313)
4(273 279 315 309)
4(278 314 315 279)
4(308 309 315 314)
4(274 280 316 310)
4(279 315 316 280)
4(309 310 316 315)
4(280 316 317 281)
4(310 311 317 316)
4(275 281 317 311)
4(277 283 319 313)
4(312 313 319 318)
4(282 318 319 283)
4(278 284 320 314)
4(313 314 320 319)
4(283 319 320 284)
4(279 285 321 315)
4(314 315 321 320)
4(284 320 321 285)
4(280 286 322 316)
4(315 316 322 321)
4(285 321 322 286)
4(316 317 323 322)
4(286 322 323 287)
4(281 287 323 317)
4(289 295 331 325)
4(294 330 331 295)
4(324 325 331 330)
4(288 289 325 324)
4(290 296 332 326)
4(295 331 332 296)
4(325 326 332 331)
4(289 290 326 325)
4(291 297 333 327)
4(296 332 333 297)
4(326 327 333 332)
4(290 291 327 326)
4(292 298 334 328)
4(297 333 334 298)
4(327 328 334 333)
4(291 292 328 327)
4(298 334 335 299)
4(328 329 335 334)
4(292 293 329 328)
4(293 299 335 329)
4(295 301 337 331)
4(300 336 337 301)
4(330 331 337 336)
4(296 302 338 332)
4(301 337 338 302)
4(331 332 338 337)
4(297 303 339 333)
4(302 338 339 303)
4(332 333 339 338)
4(298 304 340 334)
4(303 339 340 304)
4(333 334 340 339)
4(304 340 341 305)
4(334 335 341 340)
4(299 305 341 335)
4(301 307 343 337)
4(306 342 343 307)
4(336 337 343 342)
4(302 308 344 338)
4(307 343 344 308)
4(337 338 344 343)
4(303 309 345 339)
4(308 344 345 309)
4(338 339 345 344)
4(304 310 346 340)
4(309 345 346 310)
4(339 340 346 345)
4(310 346 347 311)
4(340 341 347 346)
4(305 311 347 341)
4(307 313 349 343)
4(312 348 349 313)
4(342 343 349 348)
4(308 314 350 344)
4(313 349 350 314)
4(343 344 350 349)
4(309 315 351 345)
4(314 350 351 315)
4(344 345 351 350)
4(310 316 352 346)
4(315 351 352 316)
4(345 346 352 351)
4(316 352 353 317)
4(346 347 353 352)
4(311 317 353 347)
4(313 319 355 349)
4(348 349 355 354)
4(318 354 355 319)
4(314 320 356 350)
4(349 350 356 355)
4(319 355 356 320)
4(315 321 357 351)
4(350 351 357 356)
4(320 356 357 321)
4(316 322 358 352)
4(351 352 358 357)
4(321 357 358 322)
4(352 353 359 358)
4(322 358 359 323)
4(317 323 359 353)
4(325 331 367 361)
4(330 366 367 331)
4(324 325 361 360)
4(326 332 368 362)
4(331 367 368 332)
4(325 326 362 361)
4(327 333 369 363)
4(332 368 369 333)
4(326 327 363 362)
4(328 334 370 364)
4(333 369 370 334)
4(327 328 364 363)
4(334 370 371 335)
4(328 329 365 364)
4(329 335 371 365)
4(331 337 373 367)
4(336 372 373 337)
4(332 338 374 368)
4(337 373 374 338)
4(333 339 375 369)
4(338 374 375 339)
4(334 340 376 370)
4(339 375 376 340)
4(340 376 377 341)
4(335 341 377 371)
4(337 343 379 373)
4(342 378 379 343)
4(338 344 380 374)
4(343 379 380 344)
4(339 345 381 375)
4(344 380 381 345)
4(340 346 382 376)
4(345 381 382 346)
4(346 382 383 347)
4(341 347 383 377)
4(343 349 385 379)
4(348 384 385 349)
4(344 350 386 380)
4(349 385 386 350)
4(345 351 387 381)
4(350 386 387 351)
4(346 352 388 382)
4(351 387 388 352)
4(352 388 389 353)
4(347 353 389 383)
4(349 355 391 385)
4(354 390 391 355)
4(350 356 392 386)
4(355 391 392 356)
4(351 357 393 387)
4(356 392 393 357)
4(352 358 394 388)
4(357 393 394 358)
4(358 394 395 359)
4(353 359 395 389)
4(396 401 431 426)
4(1 37 431 401)
4(36 426 431 37)
4(397 402 432 427)
4(401 431 432 402)
4(426 427 432 431)
4(398 403 433 428)
4(402 432 433 403)
4(427 428 433 432)
4(399 404 434 429)
4(403 433 434 404)
4(428 429 434 433)
4(404 434 435 405)
4(429 430 435 434)
4(400 405 435 430)
4(401 406 436 431)
4(2 38 436 406)
4(37 431 436 38)
4(402 407 437 432)
4(406 436 437 407)
4(431 432 437 436)
4(403 408 438 433)
4(407 437 438 408)
4(432 433 438 437)
4(404 409 439 434)
4(408 438 439 409)
4(433 434 439 438)
4(409 439 440 410)
4(434 435 440 439)
4(405 410 440 435)
4(406 411 441 436)
4(3 39 441 411)
4(38 436 441 39)
4(407 412 442 437)
4(411 441 442 412)
4(436 437 442 441)
4(408 413 443 438)
4(412 442 443 413)
4(437 438 443 442)
4(409 414 444 439)
4(413 443 444 414)
4(438 439 444 443)
4(414 444 445 415)
4(439 440 445 444)
4(410 415 445 440)
4(411 416 446 441)
4(4 40 446 416)
4(39 441 446 40)
4(412 417 447 442)
4(416 446 447 417)
4(441 442 447 446)
4(413 418 448 443)
4(417 447 448 418)
4(442 443 448 447)
4(414 419 449 444)
4(418 448 449 419)
4(443 444 449 448)
4(419 449 450 420)
4(444 445 450 449)
4(415 420 450 445)
4(416 421 451 446)
4(40 446 451 41)
4(5 41 451 421)
4(417 422 452 447)
4(446 447 452 451)
4(421 451 452 422)
4(418 423 453 448)
4(447 448 453 452)
4(422 452 453 423)
4(419 424 454 449)
4(448 449 454 453)
4(423 453 454 424)
4(449 450 455 454)
4(420 425 455 450)
4(424 454 455 425)
4(426 431 461 456)
4(37 73 461 431)
4(72 456 461 73)
4(427 432 462 457)
4(431 461 462 432)
4(456 457 462 461)
4(428 433 463 458)
4(432 462 463 433)
4(457 458 463 462)
4(429 434 464 459)
4(433 463 464 434)
4(458 459 464 463)
4(434 464 465 435)
4(459 460 465 464)
4(430 435 465 460)
4(431 436 466 461)
4(38 74 466 436)
4(73 461 466 74)
4(432 437 467 462)
4(436 466 467 437)
4(461 462 467 466)
4(433 438 468 463)
4(437 467 468 438)
4(462 463 468 467)
4(434 439 469 464)
4(438 468 469 439)
4(463 464 469 468)
4(439 469 470 440)
4(464 465 470 469)
4(435 440 470 465)
4(436 441 471 466)
4(39 75 471 441)
4(74 466 471 75)
4(437 442 472 467)
4(441 471 472 442)
4(466 467 472 471)
4(438 443 473 468)
4(442 472 473 443)
4(467 468 473 472)
4(439 444 474 469)
4(443 473 474 444)
4(468 469 474 473)
4(444 474 475 445)
4(469 470 475 474)
4(440 445 475 470)
4(441 446 476 471)
4(40 76 476 446)
4(75 471 476 76)
4(442 447 477 472)
4(446 476 477 447)
4(471 472 477 476)
4(443 448 478 473)
4(447 477 478 448)
4(472 473 478 477)
4(444 449 479 474)
4(448 478 479 449)
4(473 474 479 478)
4(449 479 480 450)
4(474 475 480 479)
4(445 450 480 475)
4(446 451 481 476)
4(76 476 481 77)
4(41 77 481 451)
4(447 452 482 477)
4(476 477 482 481)
4(451 481 482 452)
4(448 453 483 478)
4(477 478 483 482)
4(452 482 483 453)
4(449 454 484 479)
4(478 479 484 483)
4(453 483 484 454)
4(479 480 485 484)
4(450 455 485 480)
4(454 484 485 455)
4(456 461 491 486)
4(73 109 491 461)
4(108 486 491 109)
4(457 462 492 487)
4(461 491 492 462)
4(486 487 492 491)
4(458 463 493 488)
4(462 492 493 463)
4(487 488 493 492)
4(459 464 494 489)
4(463 493 494 464)
4(488 489 494 493)
4(464 494 495 465)
4(489 490 495 494)
4(460 465 495 490)
4(461 466 496 491)
4(74 110 496 466)
4(109 491 496 110)
4(462 467 497 492)
4(466 496 497 467)
4(491 492 497 496)
4(463 468 498 493)
4(467 497 498 468)
4(492 493 498 497)
4(464 469 499 494)
4(468 498 499 469)
4(493 494 499 498)
4(469 499 500 470)
4(494 495 500 499)
4(465 470 500 495)
4(466 471 501 496)
4(75 111 501 471)
4(110 496 501 111)
4(467 472 502 497)
4(471 501 502 472)
4(496 497 502 501)
4(468 473 503 498)
4(472 502 503 473)
4(497 498 503 502)
4(469 474 504 499)
4(473 503 504 474)
4(498 499 504 503)
4(474 504 505 475)
4(499 500 505 504)
4(470 475 505 500)
4(471 476 506 501)
4(76 112 506 476)
4(111 501 506 112)
4(472 477 507 502)
4(476 506 507 477)
4(501 502 507 506)
4(473 478 508 503)
4(477 507 508 478)
4(502 503 508 507)
4(474 479 509 504)
4(478 508 509 479)
4(503 504 509 508)
4(479 509 510 480)
4(504 505 510 509)
4(475 480 510 505)
4(476 481 511 506)
4(112 506 511 113)
4(77 113 511 481)
4(477 482 512 507)
4(506 507 512 511)
4(481 511 512 482)
4(478 483 513 508)
4(507 508 513 512)
4(482 512 513 483)
4(479 484 514 509)
4(508 509 514 513)
4(483 513 514 484)
4(509 510 515 514)
4(480 485 515 510)
4(484 514 515 485)
4(486 491 521 516)
4(109 145 521 491)
4(144 516 521 145)
4(487 492 522 517)
4(491 521 522 492)
4(516 517 522 521)
4(488 493 523 518)
4(492 522 523 493)
4(517 518 523 522)
4(489 494 524 519)
4(493 523 524 494)
4(518 519 524 523)
4(494 524 525 495)
4(519 520 525 524)
4(490 495 525 520)
4(491 496 526 521)
4(110 146 526 496)
4(145 521 526 146)
4(492 497 527 522)
4(496 526 527 497)
4(521 522 527 526)
4(493 498 528 523)
4(497 527 528 498)
4(522 523 528 527)
4(494 499 529 524)
4(498 528 529 499)
4(523 524 529 528)
4(499 529 530 500)
4(524 525 530 529)
4(495 500 530 525)
4(496 501 531 526)
4(111 147 531 501)
4(146 526 531 147)
4(497 502 532 527)
4(501 531 532 502)
4(526 527 532 531)
4(498 503 533 528)
4(502 532 533 503)
4(527 528 533 532)
4(499 504 534 529)
4(503 533 534 504)
4(528 529 534 533)
4(504 534 535 505)
4(529 530 535 534)
4(500 505 535 530)
4(501 506 536 531)
4(112 148 536 506)
4(147 531 536 148)
4(502 507 537 532)
4(506 536 537 507)
4(531 532 537 536)
4(503 508 538 533)
4(507 537 538 508)
4(532 533 538 537)
4(504 509 539 534)
4(508 538 539 509)
4(533 534 539 538)
4(509 539 540 510)
4(534 535 540 539)
4(505 510 540 535)
4(506 511 541 536)
4(148 536 541 149)
4(113 149 541 511)
4(507 512 542 537)
4(536 537 542 541)
4(511 541 542 512)
4(508 513 543 538)
4(537 538 543 542)
4(512 542 543 513)
4(509 514 544 539)
4(538 539 544 543)
4(513 543 544 514)
4(539 540 545 544)
4(510 515 545 540)
4(514 544 545 515)
4(516 521 551 546)
4(145 181 551 521)
4(180 546 551 181)
4(517 522 552 547)
4(521 551 552 522)
4(546 547 552 551)
4(518 523 553 548)
4(522 552 553 523)
4(547 548 553 552)
4(519 524 554 549)
4(523 553 554 524)
4(548 549 554 553)
4(524 554 555 525)
4(549 550 555 554)
4(520 525 555 550)
4(521 526 556 551)
4(146 182 556 526)
4(181 551 556 182)
4(522 527 557 552)
4(526 556 557 527)
4(551 552 557 556)
4(523 528 558 553)
4(527 557 558 528)
4(552 553 558 557)
4(524 529 559 554)
4(528 558 559 529)
4(553 554 559 558)
4(529 559 560 530)
4(554 555 560 559)
4(525 530 560 555)
4(526 531 561 556)
4(147 183 561 531)
4(182 556 561 183)
4(527 532 562 557)
4(531 561 562 532)
4(556 557 562 561)
4(528 533 563 558)
4(532 562 563 533)
4(557 558 563 562)
4(529 534 564 559)
4(533 563 564 534)
4(558 559 564 563)
4(534 564 565 535)
4(559 560 565 564)
4(530 535 565 560)
4(531 536 566 561)
4(148 184 566 536)
4(183 561 566 184)
4(532 537 567 562)
4(536 566 567 537)
4(561 562 567 566)
4(533 538 568 563)
4(537 567 568 538)
4(562 563 568 567)
4(534 539 569 564)
4(538 568 569 539)
4(563 564 569 568)
4(539 569 570 540)
4(564 565 570 569)
4(535 540 570 565)
4(536 541 571 566)
4(184 566 571 185)
4(149 185 571 541)
4(537 542 572 567)
4(566 567 572 571)
4(541 571 572 542)
4(538 543 573 568)
4(567 568 573 572)
4(542 572 573 543)
4(539 544 574 569)
4(568 569 574 573)
4(543 573 574 544)
4(569 570 575 574)
4(540 545 575 570)
4(544 574 575 545)
4(546 551 581 576)
4(181 217 581 551)
4(216 576 581 217)
4(547 552 582 577)
4(551 581 582 552)
4(576 577 582 581)
4(548 553 583 578)
4(552 582 583 553)
4(577 578 583 582)
4(549 554 584 579)
4(553 583 584 554)
4(578 579 584 583)
4(554 584 585 555)
4(579 580 585 584)
4(550 555 585 580)
4(551 556 586 581)
4(182 218 586 556)
4(217 581 586 218)
4(552 557 587 582)
4(556 586 587 557)
4(581 582 587 586)
4(553 558 588 583)
4(557 587 588 558)
4(582 583 588 587)
4(554 559 589 584)
4(558 588 589 559)
4(583 584 589 588)
4(559 589 590 560)
4(584 585 590 589)
4(555 560 590 585)
4(556 561 591 586)
4(183 219 591 561)
4(218 586 591 219)
4(557 562 592 587)
4(561 591 592 562)
4(586 587 592 591)
4(558 563 593 588)
4(562 592 593 563)
4(587 588 593 592)
4(559 564 594 589)
4(563 593 594 564)
4(588 589 594 593)
4(564 594 595 565)
4(589 590 595 594)
4(560 565 595 590)
4(561 566 596 591)
4(184 220 596 566)
4(219 591 596 220)
4(562 567 597 592)
4(566 596 597 567)
4(591 592 597 596)
4(563 568 598 593)
4(567 597 598 568)
4(592 593 598 597)
4(564 569 599 594)
4(568 598 599 569)
4(593 594 599 598)
4(569 599 600 570)
4(594 595 600 599)
4(565 570 600 595)
4(566 571 601 596)
4(220 596 601 221)
4(185 221 601 571)
4(567 572 602 597)
4(596 597 602 601)
4(571 601 602 572)
4(568 573 603 598)
4(597 598 603 602)
4(572 602 603 573)
4(569 574 604 599)
4(598 599 604 603)
4(573 603 604 574)
4(599 600 605 604)
4(570 575 605 600)
4(574 604 605 575)
4(576 581 611 606)
4(217 253 611 581)
4(252 606 611 253)
4(577 582 612 607)
4(581 611 612 582)
4(606 607 612 611)
4(578 583 613 608)
4(582 612 613 583)
4(607 608 613 612)
4(579 584 614 609)
4(583 613 614 584)
4(608 609 614 613)
4(584 614 615 585)
4(609 610 615 614)
4(580 585 615 610)
4(581 586 616 611)
4(218 254 616 586)
4(253 611 616 254)
4(582 587 617 612)
4(586 616 617 587)
4(611 612 617 616)
4(583 588 618 613)
4(587 617 618 588)
4(612 613 618 617)
4(584 589 619 614)
4(588 618 619 589)
4(613 614 619 618)
4(589 619 620 590)
4(614 615 620 619)
4(585 590 620 615)
4(586 591 621 616)
4(219 255 621 591)
4(254 616 621 255)
4(587 592 622 617)
4(591 621 622 592)
4(616 617 622 621)
4(588 593 623 618)
4(592 622 623 593)
4(617 618 623 622)
4(589 594 624 619)
4(593 623 624 594)
4(618 619 624 623)
4(594 624 625 595)
4(619 620 625 624)
4(590 595 625 620)
4(591 596 626 621)
4(220 256 626 596)
4(255 621 626 256)
4(592 597 627 622)
4(596 626 627 597)
4(621 622 627 626)
4(593 598 628 623)
4(597 627 628 598)
4(622 623 628 627)
4(594 599 629 624)
4(598 628 629 599)
4(623 624 629 628)
4(599 629 630 600)
4(624 625 630 629)
4(595 600 630 625)
4(596 601 631 626)
4(256 626 631 257)
4(221 257 631 601)
4(597 602 632 627)
4(626 627 632 631)
4(601 631 632 602)
4(598 603 633 628)
4(627 628 633 632)
4(602 632 633 603)
4(599 604 634 629)
4(628 629 634 633)
4(603 633 634 604)
4(629 630 635 634)
4(600 605 635 630)
4(604 634 635 605)
4(606 611 641 636)
4(253 289 641 611)
4(288 636 641 289)
4(607 612 642 637)
4(611 641 642 612)
4(636 637 642 641)
4(608 613 643 638)
4(612 642 643 613)
4(637 638 643 642)
4(609 614 644 639)
4(613 643 644 614)
4(638 639 644 643)
4(614 644 645 615)
4(639 640 645 644)
4(610 615 645 640)
4(611 616 646 641)
4(254 290 646 616)
4(289 641 646 290)
4(612 617 647 642)
4(616 646 647 617)
4(641 642 647 646)
4(613 618 648 643)
4(617 647 648 618)
4(642 643 648 647)
4(614 619 649 644)
4(618 648 649 619)
4(643 644 649 648)
4(619 649 650 620)
4(644 645 650 649)
4(615 620 650 645)
4(616 621 651 646)
4(255 291 651 621)
4(290 646 651 291)
4(617 622 652 647)
4(621 651 652 622)
4(646 647 652 651)
4(618 623 653 648)
4(622 652 653 623)
4(647 648 653 652)
4(619 624 654 649)
4(623 653 654 624)
4(648 649 654 653)
4(624 654 655 625)
4(649 650 655 654)
4(620 625 655 650)
4(621 626 656 651)
4(256 292 656 626)
4(291 651 656 292)
4(622 627 657 652)
4(626 656 657 627)
4(651 652 657 656)
4(623 628 658 653)
4(627 657 658 628)
4(652 653 658 657)
4(624 629 659 654)
4(628 658 659 629)
4(653 654 659 658)
4(629 659 660 630)
4(654 655 660 659)
4(625 630 660 655)
4(626 631 661 656)
4(292 656 661 293)
4(257 293 661 631)
4(627 632 662 657)
4(656 657 662 661)
4(631 661 662 632)
4(628 633 663 658)
4(657 658 663 662)
4(632 662 663 633)
4(629 634 664 659)
4(658 659 664 663)
4(633 663 664 634)
4(659 660 665 664)
4(630 635 665 660)
4(634 664 665 635)
4(636 641 671 666)
4(289 325 671 641)
4(324 666 671 325)
4(637 642 672 667)
4(641 671 672 642)
4(666 667 672 671)
4(638 643 673 668)
4(642 672 673 643)
4(667 668 673 672)
4(639 644 674 669)
4(643 673 674 644)
4(668 669 674 673)
4(644 674 675 645)
4(669 670 675 674)
4(640 645 675 670)
4(641 646 676 671)
4(290 326 676 646)
4(325 671 676 326)
4(642 647 677 672)
4(646 676 677 647)
4(671 672 677 676)
4(643 648 678 673)
4(647 677 678 648)
4(672 673 678 677)
4(644 649 679 674)
4(648 678 679 649)
4(673 674 679 678)
4(649 679 680 650)
4(674 675 680 679)
4(645 650 680 675)
4(646 651 681 676)
4(291 327 681 651)
4(326 676 681 327)
4(647 652 682 677)
4(651 681 682 652)
4(676 677 682 681)
4(648 653 683 678)
4(652 682 683 653)
4(677 678 683 682)
4(649 654 684 679)
4(653 683 684 654)
4(678 679 684 683)
4(654 684 685 655)
4(679 680 685 684)
4(650 655 685 680)
4(651 656 686 681)
4(292 328 686 656)
4(327 681 686 328)
4(652 657 687 682)
4(656 686 687 657)
4(681 682 687 686)
4(653 658 688 683)
4(657 687 688 658)
4(682 683 688 687)
4(654 659 689 684)
4(658 688 689 659)
4(683 684 689 688)
4(659 689 690 660)
4(684 685 690 689)
4(655 660 690 685)
4(656 661 691 686)
4(328 686 691 329)
4(293 329 691 661)
4(657 662 692 687)
4(686 687 692 691)
4(661 691 692 662)
4(658 663 693 688)
4(687 688 693 692)
4(662 692 693 663)
4(659 664 694 689)
4(688 689 694 693)
4(663 693 694 664)
4(689 690 695 694)
4(660 665 695 690)
4(664 694 695 665)
4(666 671 701 696)
4(325 361 701 671)
4(667 672 702 697)
4(671 701 702 672)
4(668 673 703 698)
4(672 702 703 673)
4(669 674 704 699)
4(673 703 704 674)
4(674 704 705 675)
4(670 675 705 700)
4(671 676 706 701)
4(326 362 706 676)
4(672 677 707 702)
4(676 706 707 677)
4(673 678 708 703)
4(677 707 708 678)
4(674 679 709 704)
4(678 708 709 679)
4(679 709 710 680)
4(675 680 710 705)
4(676 681 711 706)
4(327 363 711 681)
4(677 682 712 707)
4(681 711 712 682)
4(678 683 713 708)
4(682 712 713 683)
4(679 684 714 709)
4(683 713 714 684)
4(684 714 715 685)
4(680 685 715 710)
4(681 686 716 711)
4(328 364 716 686)
4(682 687 717 712)
4(686 716 717 687)
4(683 688 718 713)
4(687 717 718 688)
4(684 689 719 714)
4(688 718 719 689)
4(689 719 720 690)
4(685 690 720 715)
4(686 691 721 716)
4(329 365 721 691)
4(687 692 722 717)
4(691 721 722 692)
4(688 693 723 718)
4(692 722 723 693)
4(689 694 724 719)
4(693 723 724 694)
4(690 695 725 720)
4(694 724 725 695)
4(420 727 757 450)
4(726 756 757 727)
4(455 450 757 756)
4(425 455 756 726)
4(415 728 758 445)
4(727 757 758 728)
4(450 445 758 757)
4(410 729 759 440)
4(728 758 759 729)
4(445 440 759 758)
4(405 730 760 435)
4(729 759 760 730)
4(440 435 760 759)
4(730 760 761 731)
4(435 430 761 760)
4(727 733 763 757)
4(732 762 763 733)
4(756 757 763 762)
4(726 756 762 732)
4(728 734 764 758)
4(733 763 764 734)
4(757 758 764 763)
4(729 735 765 759)
4(734 764 765 735)
4(758 759 765 764)
4(730 736 766 760)
4(735 765 766 736)
4(759 760 766 765)
4(736 766 767 737)
4(760 761 767 766)
4(733 739 769 763)
4(738 768 769 739)
4(762 763 769 768)
4(732 762 768 738)
4(734 740 770 764)
4(739 769 770 740)
4(763 764 770 769)
4(735 741 771 765)
4(740 770 771 741)
4(764 765 771 770)
4(736 742 772 766)
4(741 771 772 742)
4(765 766 772 771)
4(742 772 773 743)
4(766 767 773 772)
4(739 745 775 769)
4(744 774 775 745)
4(768 769 775 774)
4(738 768 774 744)
4(740 746 776 770)
4(745 775 776 746)
4(769 770 776 775)
4(741 747 777 771)
4(746 776 777 747)
4(770 771 777 776)
4(742 748 778 772)
4(747 777 778 748)
4(771 772 778 777)
4(748 778 779 749)
4(772 773 779 778)
4(745 751 781 775)
4(774 775 781 780)
4(750 780 781 751)
4(744 774 780 750)
4(746 752 782 776)
4(775 776 782 781)
4(751 781 782 752)
4(747 753 783 777)
4(776 777 783 782)
4(752 782 783 753)
4(748 754 784 778)
4(777 778 784 783)
4(753 783 784 754)
4(778 779 785 784)
4(754 784 785 755)
4(450 757 787 480)
4(756 786 787 757)
4(485 480 787 786)
4(455 485 786 756)
4(445 758 788 475)
4(757 787 788 758)
4(480 475 788 787)
4(440 759 789 470)
4(758 788 789 759)
4(475 470 789 788)
4(435 760 790 465)
4(759 789 790 760)
4(470 465 790 789)
4(760 790 791 761)
4(465 460 791 790)
4(757 763 793 787)
4(762 792 793 763)
4(786 787 793 792)
4(756 786 792 762)
4(758 764 794 788)
4(763 793 794 764)
4(787 788 794 793)
4(759 765 795 789)
4(764 794 795 765)
4(788 789 795 794)
4(760 766 796 790)
4(765 795 796 766)
4(789 790 796 795)
4(766 796 797 767)
4(790 791 797 796)
4(763 769 799 793)
4(768 798 799 769)
4(792 793 799 798)
4(762 792 798 768)
4(764 770 800 794)
4(769 799 800 770)
4(793 794 800 799)
4(765 771 801 795)
4(770 800 801 771)
4(794 795 801 800)
4(766 772 802 796)
4(771 801 802 772)
4(795 796 802 801)
4(772 802 803 773)
4(796 797 803 802)
4(769 775 805 799)
4(774 804 805 775)
4(798 799 805 804)
4(768 798 804 774)
4(770 776 806 800)
4(775 805 806 776)
4(799 800 806 805)
4(771 777 807 801)
4(776 806 807 777)
4(800 801 807 806)
4(772 778 808 802)
4(777 807 808 778)
4(801 802 808 807)
4(778 808 809 779)
4(802 803 809 808)
4(775 781 811 805)
4(804 805 811 810)
4(780 810 811 781)
4(774 804 810 780)
4(776 782 812 806)
4(805 806 812 811)
4(781 811 812 782)
4(777 783 813 807)
4(806 807 813 812)
4(782 812 813 783)
4(778 784 814 808)
4(807 808 814 813)
4(783 813 814 784)
4(808 809 815 814)
4(784 814 815 785)
4(480 787 817 510)
4(786 816 817 787)
4(515 510 817 816)
4(485 515 816 786)
4(475 788 818 505)
4(787 817 818 788)
4(510 505 818 817)
4(470 789 819 500)
4(788 818 819 789)
4(505 500 819 818)
4(465 790 820 495)
4(789 819 820 790)
4(500 495 820 819)
4(790 820 821 791)
4(495 490 821 820)
4(787 793 823 817)
4(792 822 823 793)
4(816 817 823 822)
4(786 816 822 792)
4(788 794 824 818)
4(793 823 824 794)
4(817 818 824 823)
4(789 795 825 819)
4(794 824 825 795)
4(818 819 825 824)
4(790 796 826 820)
4(795 825 826 796)
4(819 820 826 825)
4(796 826 827 797)
4(820 821 827 826)
4(793 799 829 823)
4(798 828 829 799)
4(822 823 829 828)
4(792 822 828 798)
4(794 800 830 824)
4(799 829 830 800)
4(823 824 830 829)
4(795 801 831 825)
4(800 830 831 801)
4(824 825 831 830)
4(796 802 832 826)
4(801 831 832 802)
4(825 826 832 831)
4(802 832 833 803)
4(826 827 833 832)
4(799 805 835 829)
4(804 834 835 805)
4(828 829 835 834)
4(798 828 834 804)
4(800 806 836 830)
4(805 835 836 806)
4(829 830 836 835)
4(801 807 837 831)
4(806 836 837 807)
4(830 831 837 836)
4(802 808 838 832)
4(807 837 838 808)
4(831 832 838 837)
4(808 838 839 809)
4(832 833 839 838)
4(805 811 841 835)
4(834 835 841 840)
4(810 840 841 811)
4(804 834 840 810)
4(806 812 842 836)
4(835 836 842 841)
4(811 841 842 812)
4(807 813 843 837)
4(836 837 843 842)
4(812 842 843 813)
4(808 814 844 838)
4(837 838 844 843)
4(813 843 844 814)
4(838 839 845 844)
4(814 844 845 815)
4(510 817 847 540)
4(816 846 847 817)
4(545 540 847 846)
4(515 545 846 816)
4(505 818 848 535)
4(817 847 848 818)
4(540 535 848 847)
4(500 819 849 530)
4(818 848 849 819)
4(535 530 849 848)
4(495 820 850 525)
4(819 849 850 820)
4(530 525 850 849)
4(820 850 851 821)
4(525 520 851 850)
4(817 823 853 847)
4(822 852 853 823)
4(846 847 853 852)
4(816 846 852 822)
4(818 824 854 848)
4(823 853 854 824)
4(847 848 854 853)
4(819 825 855 849)
4(824 854 855 825)
4(848 849 855 854)
4(820 826 856 850)
4(825 855 856 826)
4(849 850 856 855)
4(826 856 857 827)
4(850 851 857 856)
4(823 829 859 853)
4(828 858 859 829)
4(852 853 859 858)
4(822 852 858 828)
4(824 830 860 854)
4(829 859 860 830)
4(853 854 860 859)
4(825 831 861 855)
4(830 860 861 831)
4(854 855 861 860)
4(826 832 862 856)
4(831 861 862 832)
4(855 856 862 861)
4(832 862 863 833)
4(856 857 863 862)
4(829 835 865 859)
4(834 864 865 835)
4(858 859 865 864)
4(828 858 864 834)
4(830 836 866 860)
4(835 865 866 836)
4(859 860 866 865)
4(831 837 867 861)
4(836 866 867 837)
4(860 861 867 866)
4(832 838 868 862)
4(837 867 868 838)
4(861 862 868 867)
4(838 868 869 839)
4(862 863 869 868)
4(835 841 871 865)
4(864 865 871 870)
4(840 870 871 841)
4(834 864 870 840)
4(836 842 872 866)
4(865 866 872 871)
4(841 871 872 842)
4(837 843 873 867)
4(866 867 873 872)
4(842 872 873 843)
4(838 844 874 868)
4(867 868 874 873)
4(843 873 874 844)
4(868 869 875 874)
4(844 874 875 845)
4(540 847 877 570)
4(846 876 877 847)
4(575 570 877 876)
4(545 575 876 846)
4(535 848 878 565)
4(847 877 878 848)
4(570 565 878 877)
4(530 849 879 560)
4(848 878 879 849)
4(565 560 879 878)
4(525 850 880 555)
4(849 879 880 850)
4(560 555 880 879)
4(850 880 881 851)
4(555 550 881 880)
4(847 853 883 877)
4(852 882 883 853)
4(876 877 883 882)
4(846 876 882 852)
4(848 854 884 878)
4(853 883 884 854)
4(877 878 884 883)
4(849 855 885 879)
4(854 884 885 855)
4(878 879 885 884)
4(850 856 886 880)
4(855 885 886 856)
4(879 880 886 885)
4(856 886 887 857)
4(880 881 887 886)
4(853 859 889 883)
4(858 888 889 859)
4(882 883 889 888)
4(852 882 888 858)
4(854 860 890 884)
4(859 889 890 860)
4(883 884 890 889)
4(855 861 891 885)
4(860 890 891 861)
4(884 885 891 890)
4(856 862 892 886)
4(861 891 892 862)
4(885 886 892 891)
4(862 892 893 863)
4(886 887 893 892)
4(859 865 895 889)
4(864 894 895 865)
4(888 889 895 894)
4(858 888 894 864)
4(860 866 896 890)
4(865 895 896 866)
4(889 890 896 895)
4(861 867 897 891)
4(866 896 897 867)
4(890 891 897 896)
4(862 868 898 892)
4(867 897 898 868)
4(891 892 898 897)
4(868 898 899 869)
4(892 893 899 898)
4(865 871 901 895)
4(894 895 901 900)
4(870 900 901 871)
4(864 894 900 870)
4(866 872 902 896)
4(895 896 902 901)
4(871 901 902 872)
4(867 873 903 897)
4(896 897 903 902)
4(872 902 903 873)
4(868 874 904 898)
4(897 898 904 903)
4(873 903 904 874)
4(898 899 905 904)
4(874 904 905 875)
4(570 877 907 600)
4(876 906 907 877)
4(605 600 907 906)
4(575 605 906 876)
4(565 878 908 595)
4(877 907 908 878)
4(600 595 908 907)
4(560 879 909 590)
4(878 908 909 879)
4(595 590 909 908)
4(555 880 910 585)
4(879 909 910 880)
4(590 585 910 909)
4(880 910 911 881)
4(585 580 911 910)
4(877 883 913 907)
4(882 912 913 883)
4(906 907 913 912)
4(876 906 912 882)
4(878 884 914 908)
4(883 913 914 884)
4(907 908 914 913)
4(879 885 915 909)
4(884 914 915 885)
4(908 909 915 914)
4(880 886 916 910)
4(885 915 916 886)
4(909 910 916 915)
4(886 916 917 887)
4(910 911 917 916)
4(883 889 919 913)
4(888 918 919 889)
4(912 913 919 918)
4(882 912 918 888)
4(884 890 920 914)
4(889 919 920 890)
4(913 914 920 919)
4(885 891 921 915)
4(890 920 921 891)
4(914 915 921 920)
4(886 892 922 916)
4(891 921 922 892)
4(915 916 922 921)
4(892 922 923 893)
4(916 917 923 922)
4(889 895 925 919)
4(894 924 925 895)
4(918 919 925 924)
4(888 918 924 894)
4(890 896 926 920)
4(895 925 926 896)
4(919 920 926 925)
4(891 897 927 921)
4(896 926 927 897)
4(920 921 927 926)
4(892 898 928 922)
4(897 927 928 898)
4(921 922 928 927)
4(898 928 929 899)
4(922 923 929 928)
4(895 901 931 925)
4(924 925 931 930)
4(900 930 931 901)
4(894 924 930 900)
4(896 902 932 926)
4(925 926 932 931)
4(901 931 932 902)
4(897 903 933 927)
4(926 927 933 932)
4(902 932 933 903)
4(898 904 934 928)
4(927 928 934 933)
4(903 933 934 904)
4(928 929 935 934)
4(904 934 935 905)
4(600 907 937 630)
4(906 936 937 907)
4(635 630 937 936)
4(605 635 936 906)
4(595 908 938 625)
4(907 937 938 908)
4(630 625 938 937)
4(590 909 939 620)
4(908 938 939 909)
4(625 620 939 938)
4(585 910 940 615)
4(909 939 940 910)
4(620 615 940 939)
4(910 940 941 911)
4(615 610 941 940)
4(907 913 943 937)
4(912 942 943 913)
4(936 937 943 942)
4(906 936 942 912)
4(908 914 944 938)
4(913 943 944 914)
4(937 938 944 943)
4(909 915 945 939)
4(914 944 945 915)
4(938 939 945 944)
4(910 916 946 940)
4(915 945 946 916)
4(939 940 946 945)
4(916 946 947 917)
4(940 941 947 946)
4(913 919 949 943)
4(918 948 949 919)
4(942 943 949 948)
4(912 942 948 918)
4(914 920 950 944)
4(919 949 950 920)
4(943 944 950 949)
4(915 921 951 945)
4(920 950 951 921)
4(944 945 951 950)
4(916 922 952 946)
4(921 951 952 922)
4(945 946 952 951)
4(922 952 953 923)
4(946 947 953 952)
4(919 925 955 949)
4(924 954 955 925)
4(948 949 955 954)
4(918 948 954 924)
4(920 926 956 950)
4(925 955 956 926)
4(949 950 956 955)
4(921 927 957 951)
4(926 956 957 927)
4(950 951 957 956)
4(922 928 958 952)
4(927 957 958 928)
4(951 952 958 957)
4(928 958 959 929)
4(952 953 959 958)
4(925 931 961 955)
4(954 955 961 960)
4(930 960 961 931)
4(924 954 960 930)
4(926 932 962 956)
4(955 956 962 961)
4(931 961 962 932)
4(927 933 963 957)
4(956 957 963 962)
4(932 962 963 933)
4(928 934 964 958)
4(957 958 964 963)
4(933 963 964 934)
4(958 959 965 964)
4(934 964 965 935)
4(630 937 967 660)
4(936 966 967 937)
4(665 660 967 966)
4(635 665 966 936)
4(625 938 968 655)
4(937 967 968 938)
4(660 655 968 967)
4(620 939 969 650)
4(938 968 969 939)
4(655 650 969 968)
4(615 940 970 645)
4(939 969 970 940)
4(650 645 970 969)
4(940 970 971 941)
4(645 640 971 970)
4(937 943 973 967)
4(942 972 973 943)
4(966 967 973 972)
4(936 966 972 942)
4(938 944 974 968)
4(943 973 974 944)
4(967 968 974 973)
4(939 945 975 969)
4(944 974 975 945)
4(968 969 975 974)
4(940 946 976 970)
4(945 975 976 946)
4(969 970 976 975)
4(946 976 977 947)
4(970 971 977 976)
4(943 949 979 973)
4(948 978 979 949)
4(972 973 979 978)
4(942 972 978 948)
4(944 950 980 974)
4(949 979 980 950)
4(973 974 980 979)
4(945 951 981 975)
4(950 980 981 951)
4(974 975 981 980)
4(946 952 982 976)
4(951 981 982 952)
4(975 976 982 981)
4(952 982 983 953)
4(976 977 983 982)
4(949 955 985 979)
4(954 984 985 955)
4(978 979 985 984)
4(948 978 984 954)
4(950 956 986 980)
4(955 985 986 956)
4(979 980 986 985)
4(951 957 987 981)
4(956 986 987 957)
4(980 981 987 986)
4(952 958 988 982)
4(957 987 988 958)
4(981 982 988 987)
4(958 988 989 959)
4(982 983 989 988)
4(955 961 991 985)
4(984 985 991 990)
4(960 990 991 961)
4(954 984 990 960)
4(956 962 992 986)
4(985 986 992 991)
4(961 991 992 962)
4(957 963 993 987)
4(986 987 993 992)
4(962 992 993 963)
4(958 964 994 988)
4(987 988 994 993)
4(963 993 994 964)
4(988 989 995 994)
4(964 994 995 965)
4(660 967 997 690)
4(966 996 997 967)
4(695 690 997 996)
4(665 695 996 966)
4(655 968 998 685)
4(967 997 998 968)
4(690 685 998 997)
4(650 969 999 680)
4(968 998 999 969)
4(685 680 999 998)
4(645 970 1000 675)
4(969 999 1000 970)
4(680 675 1000 999)
4(970 1000 1001 971)
4(675 670 1001 1000)
4(967 973 1003 997)
4(972 1002 1003 973)
4(996 997 1003 1002)
4(966 996 1002 972)
4(968 974 1004 998)
4(973 1003 1004 974)
4(997 998 1004 1003)
4(969 975 1005 999)
4(974 1004 1005 975)
4(998 999 1005 1004)
4(970 976 1006 1000)
4(975 1005 1006 976)
4(999 1000 1006 1005)
4(976 1006 1007 977)
4(1000 1001 1007 1006)
4(973 979 1009 1003)
4(978 1008 1009 979)
4(1002 1003 1009 1008)
4(972 1002 1008 978)
4(974 980 1010 1004)
4(979 1009 1010 980)
4(1003 1004 1010 1009)
4(975 981 1011 1005)
4(980 1010 1011 981)
4(1004 1005 1011 1010)
4(976 982 1012 1006)
4(981 1011 1012 982)
4(1005 1006 1012 1011)
4(982 1012 1013 983)
4(1006 1007 1013 1012)
4(979 985 1015 1009)
4(984 1014 1015 985)
4(1008 1009 1015 1014)
4(978 1008 1014 984)
4(980 986 1016 1010)
4(985 1015 1016 986)
4(1009 1010 1016 1015)
4(981 987 1017 1011)
4(986 1016 1017 987)
4(1010 1011 1017 1016)
4(982 988 1018 1012)
4(987 1017 1018 988)
4(1011 1012 1018 1017)
4(988 1018 1019 989)
4(1012 1013 1019 1018)
4(985 991 1021 1015)
4(1014 1015 1021 1020)
4(990 1020 1021 991)
4(984 1014 1020 990)
4(986 992 1022 1016)
4(1015 1016 1022 1021)
4(991 1021 1022 992)
4(987 993 1023 1017)
4(1016 1017 1023 1022)
4(992 1022 1023 993)
4(988 994 1024 1018)
4(1017 1018 1024 1023)
4(993 1023 1024 994)
4(1018 1019 1025 1024)
4(994 1024 1025 995)
4(690 997 1027 720)
4(996 1026 1027 997)
4(695 725 1026 996)
4(685 998 1028 715)
4(997 1027 1028 998)
4(680 999 1029 710)
4(998 1028 1029 999)
4(675 1000 1030 705)
4(999 1029 1030 1000)
4(1000 1030 1031 1001)
4(997 1003 1033 1027)
4(1002 1032 1033 1003)
4(996 1026 1032 1002)
4(998 1004 1034 1028)
4(1003 1033 1034 1004)
4(999 1005 1035 1029)
4(1004 1034 1035 1005)
4(1000 1006 1036 1030)
4(1005 1035 1036 1006)
4(1006 1036 1037 1007)
4(1003 1009 1039 1033)
4(1008 1038 1039 1009)
4(1002 1032 1038 1008)
4(1004 1010 1040 1034)
4(1009 1039 1040 1010)
4(1005 1011 1041 1035)
4(1010 1040 1041 1011)
4(1006 1012 1042 1036)
4(1011 1041 1042 1012)
4(1012 1042 1043 1013)
4(1009 1015 1045 1039)
4(1014 1044 1045 1015)
4(1008 1038 1044 1014)
4(1010 1016 1046 1040)
4(1015 1045 1046 1016)
4(1011 1017 1047 1041)
4(1016 1046 1047 1017)
4(1012 1018 1048 1042)
4(1017 1047 1048 1018)
4(1018 1048 1049 1019)
4(1015 1021 1051 1045)
4(1020 1050 1051 1021)
4(1014 1044 1050 1020)
4(1016 1022 1052 1046)
4(1021 1051 1052 1022)
4(1017 1023 1053 1047)
4(1022 1052 1053 1023)
4(1018 1024 1054 1048)
4(1023 1053 1054 1024)
4(1024 1054 1055 1025)
4(1056 1060 1084 1080)
4(34 70 1084 1060)
4(71 1080 1084 70)
4(35 1056 1080 71)
4(1057 1061 1085 1081)
4(1060 1084 1085 1061)
4(1080 1081 1085 1084)
4(1056 1057 1081 1080)
4(1058 1062 1086 1082)
4(1061 1085 1086 1062)
4(1081 1082 1086 1085)
4(1057 1058 1082 1081)
4(1059 1063 1087 1083)
4(1062 1086 1087 1063)
4(1082 1083 1087 1086)
4(1058 1059 1083 1082)
4(1063 1087 781 751)
4(1083 780 781 1087)
4(1059 750 780 1083)
4(1060 1064 1088 1084)
4(33 69 1088 1064)
4(70 1084 1088 69)
4(1061 1065 1089 1085)
4(1064 1088 1089 1065)
4(1084 1085 1089 1088)
4(1062 1066 1090 1086)
4(1065 1089 1090 1066)
4(1085 1086 1090 1089)
4(1063 1067 1091 1087)
4(1066 1090 1091 1067)
4(1086 1087 1091 1090)
4(1067 1091 782 752)
4(1087 781 782 1091)
4(1064 1068 1092 1088)
4(32 68 1092 1068)
4(69 1088 1092 68)
4(1065 1069 1093 1089)
4(1068 1092 1093 1069)
4(1088 1089 1093 1092)
4(1066 1070 1094 1090)
4(1069 1093 1094 1070)
4(1089 1090 1094 1093)
4(1067 1071 1095 1091)
4(1070 1094 1095 1071)
4(1090 1091 1095 1094)
4(1071 1095 783 753)
4(1091 782 783 1095)
4(1068 1072 1096 1092)
4(31 67 1096 1072)
4(68 1092 1096 67)
4(1069 1073 1097 1093)
4(1072 1096 1097 1073)
4(1092 1093 1097 1096)
4(1070 1074 1098 1094)
4(1073 1097 1098 1074)
4(1093 1094 1098 1097)
4(1071 1075 1099 1095)
4(1074 1098 1099 1075)
4(1094 1095 1099 1098)
4(1075 1099 784 754)
4(1095 783 784 1099)
4(1072 1076 1100 1096)
4(67 1096 1100 66)
4(1073 1077 1101 1097)
4(1096 1097 1101 1100)
4(1074 1078 1102 1098)
4(1097 1098 1102 1101)
4(1075 1079 1103 1099)
4(1098 1099 1103 1102)
4(1099 784 785 1103)
4(1080 1084 1108 1104)
4(70 106 1108 1084)
4(107 1104 1108 106)
4(71 1080 1104 107)
4(1081 1085 1109 1105)
4(1084 1108 1109 1085)
4(1104 1105 1109 1108)
4(1080 1081 1105 1104)
4(1082 1086 1110 1106)
4(1085 1109 1110 1086)
4(1105 1106 1110 1109)
4(1081 1082 1106 1105)
4(1083 1087 1111 1107)
4(1086 1110 1111 1087)
4(1106 1107 1111 1110)
4(1082 1083 1107 1106)
4(1087 1111 811 781)
4(1107 810 811 1111)
4(1083 780 810 1107)
4(1084 1088 1112 1108)
4(69 105 1112 1088)
4(106 1108 1112 105)
4(1085 1089 1113 1109)
4(1088 1112 1113 1089)
4(1108 1109 1113 1112)
4(1086 1090 1114 1110)
4(1089 1113 1114 1090)
4(1109 1110 1114 1113)
4(1087 1091 1115 1111)
4(1090 1114 1115 1091)
4(1110 1111 1115 1114)
4(1091 1115 812 782)
4(1111 811 812 1115)
4(1088 1092 1116 1112)
4(68 104 1116 1092)
4(105 1112 1116 104)
4(1089 1093 1117 1113)
4(1092 1116 1117 1093)
4(1112 1113 1117 1116)
4(1090 1094 1118 1114)
4(1093 1117 1118 1094)
4(1113 1114 1118 1117)
4(1091 1095 1119 1115)
4(1094 1118 1119 1095)
4(1114 1115 1119 1118)
4(1095 1119 813 783)
4(1115 812 813 1119)
4(1092 1096 1120 1116)
4(67 103 1120 1096)
4(104 1116 1120 103)
4(1093 1097 1121 1117)
4(1096 1120 1121 1097)
4(1116 1117 1121 1120)
4(1094 1098 1122 1118)
4(1097 1121 1122 1098)
4(1117 1118 1122 1121)
4(1095 1099 1123 1119)
4(1098 1122 1123 1099)
4(1118 1119 1123 1122)
4(1099 1123 814 784)
4(1119 813 814 1123)
4(1096 1100 1124 1120)
4(103 1120 1124 102)
4(1097 1101 1125 1121)
4(1120 1121 1125 1124)
4(1098 1102 1126 1122)
4(1121 1122 1126 1125)
4(1099 1103 1127 1123)
4(1122 1123 1127 1126)
4(1123 814 815 1127)
4(1104 1108 1132 1128)
4(106 142 1132 1108)
4(143 1128 1132 142)
4(107 1104 1128 143)
4(1105 1109 1133 1129)
4(1108 1132 1133 1109)
4(1128 1129 1133 1132)
4(1104 1105 1129 1128)
4(1106 1110 1134 1130)
4(1109 1133 1134 1110)
4(1129 1130 1134 1133)
4(1105 1106 1130 1129)
4(1107 1111 1135 1131)
4(1110 1134 1135 1111)
4(1130 1131 1135 1134)
4(1106 1107 1131 1130)
4(1111 1135 841 811)
4(1131 840 841 1135)
4(1107 810 840 1131)
4(1108 1112 1136 1132)
4(105 141 1136 1112)
4(142 1132 1136 141)
4(1109 1113 1137 1133)
4(1112 1136 1137 1113)
4(1132 1133 1137 1136)
4(1110 1114 1138 1134)
4(1113 1137 1138 1114)
4(1133 1134 1138 1137)
4(1111 1115 1139 1135)
4(1114 1138 1139 1115)
4(1134 1135 1139 1138)
4(1115 1139 842 812)
4(1135 841 842 1139)
4(1112 1116 1140 1136)
4(104 140 1140 1116)
4(141 1136 1140 140)
4(1113 1117 1141 1137)
4(1116 1140 1141 1117)
4(1136 1137 1141 1140)
4(1114 1118 1142 1138)
4(1117 1141 1142 1118)
4(1137 1138 1142 1141)
4(1115 1119 1143 1139)
4(1118 1142 1143 1119)
4(1138 1139 1143 1142)
4(1119 1143 843 813)
4(1139 842 843 1143)
4(1116 1120 1144 1140)
4(103 139 1144 1120)
4(140 1140 1144 139)
4(1117 1121 1145 1141)
4(1120 1144 1145 1121)
4(1140 1141 1145 1144)
4(1118 1122 1146 1142)
4(1121 1145 1146 1122)
4(1141 1142 1146 1145)
4(1119 1123 1147 1143)
4(1122 1146 1147 1123)
4(1142 1143 1147 1146)
4(1123 1147 844 814)
4(1143 843 844 1147)
4(1120 1124 1148 1144)
4(139 1144 1148 138)
4(1121 1125 1149 1145)
4(1144 1145 1149 1148)
4(1122 1126 1150 1146)
4(1145 1146 1150 1149)
4(1123 1127 1151 1147)
4(1146 1147 1151 1150)
4(1147 844 845 1151)
4(1128 1132 1156 1152)
4(142 178 1156 1132)
4(179 1152 1156 178)
4(143 1128 1152 179)
4(1129 1133 1157 1153)
4(1132 1156 1157 1133)
4(1152 1153 1157 1156)
4(1128 1129 1153 1152)
4(1130 1134 1158 1154)
4(1133 1157 1158 1134)
4(1153 1154 1158 1157)
4(1129 1130 1154 1153)
4(1131 1135 1159 1155)
4(1134 1158 1159 1135)
4(1154 1155 1159 1158)
4(1130 1131 1155 1154)
4(1135 1159 871 841)
4(1155 870 871 1159)
4(1131 840 870 1155)
4(1132 1136 1160 1156)
4(141 177 1160 1136)
4(178 1156 1160 177)
4(1133 1137 1161 1157)
4(1136 1160 1161 1137)
4(1156 1157 1161 1160)
4(1134 1138 1162 1158)
4(1137 1161 1162 1138)
4(1157 1158 1162 1161)
4(1135 1139 1163 1159)
4(1138 1162 1163 1139)
4(1158 1159 1163 1162)
4(1139 1163 872 842)
4(1159 871 872 1163)
4(1136 1140 1164 1160)
4(140 176 1164 1140)
4(177 1160 1164 176)
4(1137 1141 1165 1161)
4(1140 1164 1165 1141)
4(1160 1161 1165 1164)
4(1138 1142 1166 1162)
4(1141 1165 1166 1142)
4(1161 1162 1166 1165)
4(1139 1143 1167 1163)
4(1142 1166 1167 1143)
4(1162 1163 1167 1166)
4(1143 1167 873 843)
4(1163 872 873 1167)
4(1140 1144 1168 1164)
4(139 175 1168 1144)
4(176 1164 1168 175)
4(1141 1145 1169 1165)
4(1144 1168 1169 1145)
4(1164 1165 1169 1168)
4(1142 1146 1170 1166)
4(1145 1169 1170 1146)
4(1165 1166 1170 1169)
4(1143 1147 1171 1167)
4(1146 1170 1171 1147)
4(1166 1167 1171 1170)
4(1147 1171 874 844)
4(1167 873 874 1171)
4(1144 1148 1172 1168)
4(175 1168 1172 174)
4(1145 1149 1173 1169)
4(1168 1169 1173 1172)
4(1146 1150 1174 1170)
4(1169 1170 1174 1173)
4(1147 1151 1175 1171)
4(1170 1171 1175 1174)
4(1171 874 875 1175)
4(1152 1156 1180 1176)
4(178 214 1180 1156)
4(215 1176 1180 214)
4(179 1152 1176 215)
4(1153 1157 1181 1177)
4(1156 1180 1181 1157)
4(1176 1177 1181 1180)
4(1152 1153 1177 1176)
4(1154 1158 1182 1178)
4(1157 1181 1182 1158)
4(1177 1178 1182 1181)
4(1153 1154 1178 1177)
4(1155 1159 1183 1179)
4(1158 1182 1183 1159)
4(1178 1179 1183 1182)
4(1154 1155 1179 1178)
4(1159 1183 901 871)
4(1179 900 901 1183)
4(1155 870 900 1179)
4(1156 1160 1184 1180)
4(177 213 1184 1160)
4(214 1180 1184 213)
4(1157 1161 1185 1181)
4(1160 1184 1185 1161)
4(1180 1181 1185 1184)
4(1158 1162 1186 1182)
4(1161 1185 1186 1162)
4(1181 1182 1186 1185)
4(1159 1163 1187 1183)
4(1162 1186 1187 1163)
4(1182 1183 1187 1186)
4(1163 1187 902 872)
4(1183 901 902 1187)
4(1160 1164 1188 1184)
4(176 212 1188 1164)
4(213 1184 1188 212)
4(1161 1165 1189 1185)
4(1164 1188 1189 1165)
4(1184 1185 1189 1188)
4(1162 1166 1190 1186)
4(1165 1189 1190 1166)
4(1185 1186 1190 1189)
4(1163 1167 1191 1187)
4(1166 1190 1191 1167)
4(1186 1187 1191 1190)
4(1167 1191 903 873)
4(1187 902 903 1191)
4(1164 1168 1192 1188)
4(175 211 1192 1168)
4(212 1188 1192 211)
4(1165 1169 1193 1189)
4(1168 1192 1193 1169)
4(1188 1189 1193 1192)
4(1166 1170 1194 1190)
4(1169 1193 1194 1170)
4(1189 1190 1194 1193)
4(1167 1171 1195 1191)
4(1170 1194 1195 1171)
4(1190 1191 1195 1194)
4(1171 1195 904 874)
4(1191 903 904 1195)
4(1168 1172 1196 1192)
4(211 1192 1196 210)
4(1169 1173 1197 1193)
4(1192 1193 1197 1196)
4(1170 1174 1198 1194)
4(1193 1194 1198 1197)
4(1171 1175 1199 1195)
4(1194 1195 1199 1198)
4(1195 904 905 1199)
4(1176 1180 1204 1200)
4(214 250 1204 1180)
4(251 1200 1204 250)
4(215 1176 1200 251)
4(1177 1181 1205 1201)
4(1180 1204 1205 1181)
4(1200 1201 1205 1204)
4(1176 1177 1201 1200)
4(1178 1182 1206 1202)
4(1181 1205 1206 1182)
4(1201 1202 1206 1205)
4(1177 1178 1202 1201)
4(1179 1183 1207 1203)
4(1182 1206 1207 1183)
4(1202 1203 1207 1206)
4(1178 1179 1203 1202)
4(1183 1207 931 901)
4(1203 930 931 1207)
4(1179 900 930 1203)
4(1180 1184 1208 1204)
4(213 249 1208 1184)
4(250 1204 1208 249)
4(1181 1185 1209 1205)
4(1184 1208 1209 1185)
4(1204 1205 1209 1208)
4(1182 1186 1210 1206)
4(1185 1209 1210 1186)
4(1205 1206 1210 1209)
4(1183 1187 1211 1207)
4(1186 1210 1211 1187)
4(1206 1207 1211 1210)
4(1187 1211 932 902)
4(1207 931 932 1211)
4(1184 1188 1212 1208)
4(212 248 1212 1188)
4(249 1208 1212 248)
4(1185 1189 1213 1209)
4(1188 1212 1213 1189)
4(1208 1209 1213 1212)
4(1186 1190 1214 1210)
4(1189 1213 1214 1190)
4(1209 1210 1214 1213)
4(1187 1191 1215 1211)
4(1190 1214 1215 1191)
4(1210 1211 1215 1214)
4(1191 1215 933 903)
4(1211 932 933 1215)
4(1188 1192 1216 1212)
4(211 247 1216 1192)
4(248 1212 1216 247)
4(1189 1193 1217 1213)
4(1192 1216 1217 1193)
4(1212 1213 1217 1216)
4(1190 1194 1218 1214)
4(1193 1217 1218 1194)
4(1213 1214 1218 1217)
4(1191 1195 1219 1215)
4(1194 1218 1219 1195)
4(1214 1215 1219 1218)
4(1195 1219 934 904)
4(1215 933 934 1219)
4(1192 1196 1220 1216)
4(247 1216 1220 246)
4(1193 1197 1221 1217)
4(1216 1217 1221 1220)
4(1194 1198 1222 1218)
4(1217 1218 1222 1221)
4(1195 1199 1223 1219)
4(1218 1219 1223 1222)
4(1219 934 935 1223)
4(1200 1204 1228 1224)
4(250 286 1228 1204)
4(287 1224 1228 286)
4(251 1200 1224 287)
4(1201 1205 1229 1225)
4(1204 1228 1229 1205)
4(1224 1225 1229 1228)
4(1200 1201 1225 1224)
4(1202 1206 1230 1226)
4(1205 1229 1230 1206)
4(1225 1226 1230 1229)
4(1201 1202 1226 1225)
4(1203 1207 1231 1227)
4(1206 1230 1231 1207)
4(1226 1227 1231 1230)
4(1202 1203 1227 1226)
4(1207 1231 961 931)
4(1227 960 961 1231)
4(1203 930 960 1227)
4(1204 1208 1232 1228)
4(249 285 1232 1208)
4(286 1228 1232 285)
4(1205 1209 1233 1229)
4(1208 1232 1233 1209)
4(1228 1229 1233 1232)
4(1206 1210 1234 1230)
4(1209 1233 1234 1210)
4(1229 1230 1234 1233)
4(1207 1211 1235 1231)
4(1210 1234 1235 1211)
4(1230 1231 1235 1234)
4(1211 1235 962 932)
4(1231 961 962 1235)
4(1208 1212 1236 1232)
4(248 284 1236 1212)
4(285 1232 1236 284)
4(1209 1213 1237 1233)
4(1212 1236 1237 1213)
4(1232 1233 1237 1236)
4(1210 1214 1238 1234)
4(1213 1237 1238 1214)
4(1233 1234 1238 1237)
4(1211 1215 1239 1235)
4(1214 1238 1239 1215)
4(1234 1235 1239 1238)
4(1215 1239 963 933)
4(1235 962 963 1239)
4(1212 1216 1240 1236)
4(247 283 1240 1216)
4(284 1236 1240 283)
4(1213 1217 1241 1237)
4(1216 1240 1241 1217)
4(1236 1237 1241 1240)
4(1214 1218 1242 1238)
4(1217 1241 1242 1218)
4(1237 1238 1242 1241)
4(1215 1219 1243 1239)
4(1218 1242 1243 1219)
4(1238 1239 1243 1242)
4(1219 1243 964 934)
4(1239 963 964 1243)
4(1216 1220 1244 1240)
4(283 1240 1244 282)
4(1217 1221 1245 1241)
4(1240 1241 1245 1244)
4(1218 1222 1246 1242)
4(1241 1242 1246 1245)
4(1219 1223 1247 1243)
4(1242 1243 1247 1246)
4(1243 964 965 1247)
4(1224 1228 1252 1248)
4(286 322 1252 1228)
4(323 1248 1252 322)
4(287 1224 1248 323)
4(1225 1229 1253 1249)
4(1228 1252 1253 1229)
4(1248 1249 1253 1252)
4(1224 1225 1249 1248)
4(1226 1230 1254 1250)
4(1229 1253 1254 1230)
4(1249 1250 1254 1253)
4(1225 1226 1250 1249)
4(1227 1231 1255 1251)
4(1230 1254 1255 1231)
4(1250 1251 1255 1254)
4(1226 1227 1251 1250)
4(1231 1255 991 961)
4(1251 990 991 1255)
4(1227 960 990 1251)
4(1228 1232 1256 1252)
4(285 321 1256 1232)
4(322 1252 1256 321)
4(1229 1233 1257 1253)
4(1232 1256 1257 1233)
4(1252 1253 1257 1256)
4(1230 1234 1258 1254)
4(1233 1257 1258 1234)
4(1253 1254 1258 1257)
4(1231 1235 1259 1255)
4(1234 1258 1259 1235)
4(1254 1255 1259 1258)
4(1235 1259 992 962)
4(1255 991 992 1259)
4(1232 1236 1260 1256)
4(284 320 1260 1236)
4(321 1256 1260 320)
4(1233 1237 1261 1257)
4(1236 1260 1261 1237)
4(1256 1257 1261 1260)
4(1234 1238 1262 1258)
4(1237 1261 1262 1238)
4(1257 1258 1262 1261)
4(1235 1239 1263 1259)
4(1238 1262 1263 1239)
4(1258 1259 1263 1262)
4(1239 1263 993 963)
4(1259 992 993 1263)
4(1236 1240 1264 1260)
4(283 319 1264 1240)
4(320 1260 1264 319)
4(1237 1241 1265 1261)
4(1240 1264 1265 1241)
4(1260 1261 1265 1264)
4(1238 1242 1266 1262)
4(1241 1265 1266 1242)
4(1261 1262 1266 1265)
4(1239 1243 1267 1263)
4(1242 1266 1267 1243)
4(1262 1263 1267 1266)
4(1243 1267 994 964)
4(1263 993 994 1267)
4(1240 1244 1268 1264)
4(319 1264 1268 318)
4(1241 1245 1269 1265)
4(1264 1265 1269 1268)
4(1242 1246 1270 1266)
4(1265 1266 1270 1269)
4(1243 1247 1271 1267)
4(1266 1267 1271 1270)
4(1267 994 995 1271)
4(1248 1252 1276 1272)
4(322 358 1276 1252)
4(359 1272 1276 358)
4(323 1248 1272 359)
4(1249 1253 1277 1273)
4(1252 1276 1277 1253)
4(1272 1273 1277 1276)
4(1248 1249 1273 1272)
4(1250 1254 1278 1274)
4(1253 1277 1278 1254)
4(1273 1274 1278 1277)
4(1249 1250 1274 1273)
4(1251 1255 1279 1275)
4(1254 1278 1279 1255)
4(1274 1275 1279 1278)
4(1250 1251 1275 1274)
4(1255 1279 1021 991)
4(1275 1020 1021 1279)
4(1251 990 1020 1275)
4(1252 1256 1280 1276)
4(321 357 1280 1256)
4(358 1276 1280 357)
4(1253 1257 1281 1277)
4(1256 1280 1281 1257)
4(1276 1277 1281 1280)
4(1254 1258 1282 1278)
4(1257 1281 1282 1258)
4(1277 1278 1282 1281)
4(1255 1259 1283 1279)
4(1258 1282 1283 1259)
4(1278 1279 1283 1282)
4(1259 1283 1022 992)
4(1279 1021 1022 1283)
4(1256 1260 1284 1280)
4(320 356 1284 1260)
4(357 1280 1284 356)
4(1257 1261 1285 1281)
4(1260 1284 1285 1261)
4(1280 1281 1285 1284)
4(1258 1262 1286 1282)
4(1261 1285 1286 1262)
4(1281 1282 1286 1285)
4(1259 1263 1287 1283)
4(1262 1286 1287 1263)
4(1282 1283 1287 1286)
4(1263 1287 1023 993)
4(1283 1022 1023 1287)
4(1260 1264 1288 1284)
4(319 355 1288 1264)
4(356 1284 1288 355)
4(1261 1265 1289 1285)
4(1264 1288 1289 1265)
4(1284 1285 1289 1288)
4(1262 1266 1290 1286)
4(1265 1289 1290 1266)
4(1285 1286 1290 1289)
4(1263 1267 1291 1287)
4(1266 1290 1291 1267)
4(1286 1287 1291 1290)
4(1267 1291 1024 994)
4(1287 1023 1024 1291)
4(1264 1268 1292 1288)
4(355 1288 1292 354)
4(1265 1269 1293 1289)
4(1288 1289 1293 1292)
4(1266 1270 1294 1290)
4(1289 1290 1294 1293)
4(1267 1271 1295 1291)
4(1290 1291 1295 1294)
4(1291 1024 1025 1295)
4(1272 1276 1300 1296)
4(358 394 1300 1276)
4(359 1272 1296 395)
4(1273 1277 1301 1297)
4(1276 1300 1301 1277)
4(1272 1273 1297 1296)
4(1274 1278 1302 1298)
4(1277 1301 1302 1278)
4(1273 1274 1298 1297)
4(1275 1279 1303 1299)
4(1278 1302 1303 1279)
4(1274 1275 1299 1298)
4(1279 1303 1051 1021)
4(1275 1020 1050 1299)
4(1276 1280 1304 1300)
4(357 393 1304 1280)
4(1277 1281 1305 1301)
4(1280 1304 1305 1281)
4(1278 1282 1306 1302)
4(1281 1305 1306 1282)
4(1279 1283 1307 1303)
4(1282 1306 1307 1283)
4(1283 1307 1052 1022)
4(1280 1284 1308 1304)
4(356 392 1308 1284)
4(1281 1285 1309 1305)
4(1284 1308 1309 1285)
4(1282 1286 1310 1306)
4(1285 1309 1310 1286)
4(1283 1287 1311 1307)
4(1286 1310 1311 1287)
4(1287 1311 1053 1023)
4(1284 1288 1312 1308)
4(355 391 1312 1288)
4(1285 1289 1313 1309)
4(1288 1312 1313 1289)
4(1286 1290 1314 1310)
4(1289 1313 1314 1290)
4(1287 1291 1315 1311)
4(1290 1314 1315 1291)
4(1291 1315 1054 1024)
4(1288 1292 1316 1312)
4(1289 1293 1317 1313)
4(1290 1294 1318 1314)
4(1291 1295 1319 1315)
4(421 1320 1336 451)
4(11 47 1336 1320)
4(41 451 1336 47)
4(422 1321 1337 452)
4(1320 1336 1337 1321)
4(451 452 1337 1336)
4(423 1322 1338 453)
4(1321 1337 1338 1322)
4(452 453 1338 1337)
4(424 1323 1339 454)
4(1322 1338 1339 1323)
4(453 454 1339 1338)
4(1323 1339 756 726)
4(454 455 756 1339)
4(1320 1324 1340 1336)
4(17 53 1340 1324)
4(47 1336 1340 53)
4(1321 1325 1341 1337)
4(1324 1340 1341 1325)
4(1336 1337 1341 1340)
4(1322 1326 1342 1338)
4(1325 1341 1342 1326)
4(1337 1338 1342 1341)
4(1323 1327 1343 1339)
4(1326 1342 1343 1327)
4(1338 1339 1343 1342)
4(1327 1343 762 732)
4(1339 756 762 1343)
4(1324 1328 1344 1340)
4(23 59 1344 1328)
4(53 1340 1344 59)
4(1325 1329 1345 1341)
4(1328 1344 1345 1329)
4(1340 1341 1345 1344)
4(1326 1330 1346 1342)
4(1329 1345 1346 1330)
4(1341 1342 1346 1345)
4(1327 1331 1347 1343)
4(1330 1346 1347 1331)
4(1342 1343 1347 1346)
4(1331 1347 768 738)
4(1343 762 768 1347)
4(1328 1332 1348 1344)
4(29 65 1348 1332)
4(59 1344 1348 65)
4(1329 1333 1349 1345)
4(1332 1348 1349 1333)
4(1344 1345 1349 1348)
4(1330 1334 1350 1346)
4(1333 1349 1350 1334)
4(1345 1346 1350 1349)
4(1331 1335 1351 1347)
4(1334 1350 1351 1335)
4(1346 1347 1351 1350)
4(1335 1351 774 744)
4(1347 768 774 1351)
4(1332 1056 1080 1348)
4(65 1348 1080 71)
4(1333 1057 1081 1349)
4(1348 1349 1081 1080)
4(1334 1058 1082 1350)
4(1349 1350 1082 1081)
4(1335 1059 1083 1351)
4(1350 1351 1083 1082)
4(1351 774 780 1083)
4(451 1336 1352 481)
4(47 83 1352 1336)
4(77 481 1352 83)
4(452 1337 1353 482)
4(1336 1352 1353 1337)
4(481 482 1353 1352)
4(453 1338 1354 483)
4(1337 1353 1354 1338)
4(482 483 1354 1353)
4(454 1339 1355 484)
4(1338 1354 1355 1339)
4(483 484 1355 1354)
4(1339 1355 786 756)
4(484 485 786 1355)
4(1336 1340 1356 1352)
4(53 89 1356 1340)
4(83 1352 1356 89)
4(1337 1341 1357 1353)
4(1340 1356 1357 1341)
4(1352 1353 1357 1356)
4(1338 1342 1358 1354)
4(1341 1357 1358 1342)
4(1353 1354 1358 1357)
4(1339 1343 1359 1355)
4(1342 1358 1359 1343)
4(1354 1355 1359 1358)
4(1343 1359 792 762)
4(1355 786 792 1359)
4(1340 1344 1360 1356)
4(59 95 1360 1344)
4(89 1356 1360 95)
4(1341 1345 1361 1357)
4(1344 1360 1361 1345)
4(1356 1357 1361 1360)
4(1342 1346 1362 1358)
4(1345 1361 1362 1346)
4(1357 1358 1362 1361)
4(1343 1347 1363 1359)
4(1346 1362 1363 1347)
4(1358 1359 1363 1362)
4(1347 1363 798 768)
4(1359 792 798 1363)
4(1344 1348 1364 1360)
4(65 101 1364 1348)
4(95 1360 1364 101)
4(1345 1349 1365 1361)
4(1348 1364 1365 1349)
4(1360 1361 1365 1364)
4(1346 1350 1366 1362)
4(1349 1365 1366 1350)
4(1361 1362 1366 1365)
4(1347 1351 1367 1363)
4(1350 1366 1367 1351)
4(1362 1363 1367 1366)
4(1351 1367 804 774)
4(1363 798 804 1367)
4(1348 1080 1104 1364)
4(101 1364 1104 107)
4(1349 1081 1105 1365)
4(1364 1365 1105 1104)
4(1350 1082 1106 1366)
4(1365 1366 1106 1105)
4(1351 1083 1107 1367)
4(1366 1367 1107 1106)
4(1367 804 810 1107)
4(481 1352 1368 511)
4(83 119 1368 1352)
4(113 511 1368 119)
4(482 1353 1369 512)
4(1352 1368 1369 1353)
4(511 512 1369 1368)
4(483 1354 1370 513)
4(1353 1369 1370 1354)
4(512 513 1370 1369)
4(484 1355 1371 514)
4(1354 1370 1371 1355)
4(513 514 1371 1370)
4(1355 1371 816 786)
4(514 515 816 1371)
4(1352 1356 1372 1368)
4(89 125 1372 1356)
4(119 1368 1372 125)
4(1353 1357 1373 1369)
4(1356 1372 1373 1357)
4(1368 1369 1373 1372)
4(1354 1358 1374 1370)
4(1357 1373 1374 1358)
4(1369 1370 1374 1373)
4(1355 1359 1375 1371)
4(1358 1374 1375 1359)
4(1370 1371 1375 1374)
4(1359 1375 822 792)
4(1371 816 822 1375)
4(1356 1360 1376 1372)
4(95 131 1376 1360)
4(125 1372 1376 131)
4(1357 1361 1377 1373)
4(1360 1376 1377 1361)
4(1372 1373 1377 1376)
4(1358 1362 1378 1374)
4(1361 1377 1378 1362)
4(1373 1374 1378 1377)
4(1359 1363 1379 1375)
4(1362 1378 1379 1363)
4(1374 1375 1379 1378)
4(1363 1379 828 798)
4(1375 822 828 1379)
4(1360 1364 1380 1376)
4(101 137 1380 1364)
4(131 1376 1380 137)
4(1361 1365 1381 1377)
4(1364 1380 1381 1365)
4(1376 1377 1381 1380)
4(1362 1366 1382 1378)
4(1365 1381 1382 1366)
4(1377 1378 1382 1381)
4(1363 1367 1383 1379)
4(1366 1382 1383 1367)
4(1378 1379 1383 1382)
4(1367 1383 834 804)
4(1379 828 834 1383)
4(1364 1104 1128 1380)
4(137 1380 1128 143)
4(1365 1105 1129 1381)
4(1380 1381 1129 1128)
4(1366 1106 1130 1382)
4(1381 1382 1130 1129)
4(1367 1107 1131 1383)
4(1382 1383 1131 1130)
4(1383 834 840 1131)
4(511 1368 1384 541)
4(119 155 1384 1368)
4(149 541 1384 155)
4(512 1369 1385 542)
4(1368 1384 1385 1369)
4(541 542 1385 1384)
4(513 1370 1386 543)
4(1369 1385 1386 1370)
4(542 543 1386 1385)
4(514 1371 1387 544)
4(1370 1386 1387 1371)
4(543 544 1387 1386)
4(1371 1387 846 816)
4(544 545 846 1387)
4(1368 1372 1388 1384)
4(125 161 1388 1372)
4(155 1384 1388 161)
4(1369 1373 1389 1385)
4(1372 1388 1389 1373)
4(1384 1385 1389 1388)
4(1370 1374 1390 1386)
4(1373 1389 1390 1374)
4(1385 1386 1390 1389)
4(1371 1375 1391 1387)
4(1374 1390 1391 1375)
4(1386 1387 1391 1390)
4(1375 1391 852 822)
4(1387 846 852 1391)
4(1372 1376 1392 1388)
4(131 167 1392 1376)
4(161 1388 1392 167)
4(1373 1377 1393 1389)
4(1376 1392 1393 1377)
4(1388 1389 1393 1392)
4(1374 1378 1394 1390)
4(1377 1393 1394 1378)
4(1389 1390 1394 1393)
4(1375 1379 1395 1391)
4(1378 1394 1395 1379)
4(1390 1391 1395 1394)
4(1379 1395 858 828)
4(1391 852 858 1395)
4(1376 1380 1396 1392)
4(137 173 1396 1380)
4(167 1392 1396 173)
4(1377 1381 1397 1393)
4(1380 1396 1397 1381)
4(1392 1393 1397 1396)
4(1378 1382 1398 1394)
4(1381 1397 1398 1382)
4(1393 1394 1398 1397)
4(1379 1383 1399 1395)
4(1382 1398 1399 1383)
4(1394 1395 1399 1398)
4(1383 1399 864 834)
4(1395 858 864 1399)
4(1380 1128 1152 1396)
4(173 1396 1152 179)
4(1381 1129 1153 1397)
4(1396 1397 1153 1152)
4(1382 1130 1154 1398)
4(1397 1398 1154 1153)
4(1383 1131 1155 1399)
4(1398 1399 1155 1154)
4(1399 864 870 1155)
4(541 1384 1400 571)
4(155 191 1400 1384)
4(185 571 1400 191)
4(542 1385 1401 572)
4(1384 1400 1401 1385)
4(571 572 1401 1400)
4(543 1386 1402 573)
4(1385 1401 1402 1386)
4(572 573 1402 1401)
4(544 1387 1403 574)
4(1386 1402 1403 1387)
4(573 574 1403 1402)
4(1387 1403 876 846)
4(574 575 876 1403)
4(1384 1388 1404 1400)
4(161 197 1404 1388)
4(191 1400 1404 197)
4(1385 1389 1405 1401)
4(1388 1404 1405 1389)
4(1400 1401 1405 1404)
4(1386 1390 1406 1402)
4(1389 1405 1406 1390)
4(1401 1402 1406 1405)
4(1387 1391 1407 1403)
4(1390 1406 1407 1391)
4(1402 1403 1407 1406)
4(1391 1407 882 852)
4(1403 876 882 1407)
4(1388 1392 1408 1404)
4(167 203 1408 1392)
4(197 1404 1408 203)
4(1389 1393 1409 1405)
4(1392 1408 1409 1393)
4(1404 1405 1409 1408)
4(1390 1394 1410 1406)
4(1393 1409 1410 1394)
4(1405 1406 1410 1409)
4(1391 1395 1411 1407)
4(1394 1410 1411 1395)
4(1406 1407 1411 1410)
4(1395 1411 888 858)
4(1407 882 888 1411)
4(1392 1396 1412 1408)
4(173 209 1412 1396)
4(203 1408 1412 209)
4(1393 1397 1413 1409)
4(1396 1412 1413 1397)
4(1408 1409 1413 1412)
4(1394 1398 1414 1410)
4(1397 1413 1414 1398)
4(1409 1410 1414 1413)
4(1395 1399 1415 1411)
4(1398 1414 1415 1399)
4(1410 1411 1415 1414)
4(1399 1415 894 864)
4(1411 888 894 1415)
4(1396 1152 1176 1412)
4(209 1412 1176 215)
4(1397 1153 1177 1413)
4(1412 1413 1177 1176)
4(1398 1154 1178 1414)
4(1413 1414 1178 1177)
4(1399 1155 1179 1415)
4(1414 1415 1179 1178)
4(1415 894 900 1179)
4(571 1400 1416 601)
4(191 227 1416 1400)
4(221 601 1416 227)
4(572 1401 1417 602)
4(1400 1416 1417 1401)
4(601 602 1417 1416)
4(573 1402 1418 603)
4(1401 1417 1418 1402)
4(602 603 1418 1417)
4(574 1403 1419 604)
4(1402 1418 1419 1403)
4(603 604 1419 1418)
4(1403 1419 906 876)
4(604 605 906 1419)
4(1400 1404 1420 1416)
4(197 233 1420 1404)
4(227 1416 1420 233)
4(1401 1405 1421 1417)
4(1404 1420 1421 1405)
4(1416 1417 1421 1420)
4(1402 1406 1422 1418)
4(1405 1421 1422 1406)
4(1417 1418 1422 1421)
4(1403 1407 1423 1419)
4(1406 1422 1423 1407)
4(1418 1419 1423 1422)
4(1407 1423 912 882)
4(1419 906 912 1423)
4(1404 1408 1424 1420)
4(203 239 1424 1408)
4(233 1420 1424 239)
4(1405 1409 1425 1421)
4(1408 1424 1425 1409)
4(1420 1421 1425 1424)
4(1406 1410 1426 1422)
4(1409 1425 1426 1410)
4(1421 1422 1426 1425)
4(1407 1411 1427 1423)
4(1410 1426 1427 1411)
4(1422 1423 1427 1426)
4(1411 1427 918 888)
4(1423 912 918 1427)
4(1408 1412 1428 1424)
4(209 245 1428 1412)
4(239 1424 1428 245)
4(1409 1413 1429 1425)
4(1412 1428 1429 1413)
4(1424 1425 1429 1428)
4(1410 1414 1430 1426)
4(1413 1429 1430 1414)
4(1425 1426 1430 1429)
4(1411 1415 1431 1427)
4(1414 1430 1431 1415)
4(1426 1427 1431 1430)
4(1415 1431 924 894)
4(1427 918 924 1431)
4(1412 1176 1200 1428)
4(245 1428 1200 251)
4(1413 1177 1201 1429)
4(1428 1429 1201 1200)
4(1414 1178 1202 1430)
4(1429 1430 1202 1201)
4(1415 1179 1203 1431)
4(1430 1431 1203 1202)
4(1431 924 930 1203)
4(601 1416 1432 631)
4(227 263 1432 1416)
4(257 631 1432 263)
4(602 1417 1433 632)
4(1416 1432 1433 1417)
4(631 632 1433 1432)
4(603 1418 1434 633)
4(1417 1433 1434 1418)
4(632 633 1434 1433)
4(604 1419 1435 634)
4(1418 1434 1435 1419)
4(633 634 1435 1434)
4(1419 1435 936 906)
4(634 635 936 1435)
4(1416 1420 1436 1432)
4(233 269 1436 1420)
4(263 1432 1436 269)
4(1417 1421 1437 1433)
4(1420 1436 1437 1421)
4(1432 1433 1437 1436)
4(1418 1422 1438 1434)
4(1421 1437 1438 1422)
4(1433 1434 1438 1437)
4(1419 1423 1439 1435)
4(1422 1438 1439 1423)
4(1434 1435 1439 1438)
4(1423 1439 942 912)
4(1435 936 942 1439)
4(1420 1424 1440 1436)
4(239 275 1440 1424)
4(269 1436 1440 275)
4(1421 1425 1441 1437)
4(1424 1440 1441 1425)
4(1436 1437 1441 1440)
4(1422 1426 1442 1438)
4(1425 1441 1442 1426)
4(1437 1438 1442 1441)
4(1423 1427 1443 1439)
4(1426 1442 1443 1427)
4(1438 1439 1443 1442)
4(1427 1443 948 918)
4(1439 942 948 1443)
4(1424 1428 1444 1440)
4(245 281 1444 1428)
4(275 1440 1444 281)
4(1425 1429 1445 1441)
4(1428 1444 1445 1429)
4(1440 1441 1445 1444)
4(1426 1430 1446 1442)
4(1429 1445 1446 1430)
4(1441 1442 1446 1445)
4(1427 1431 1447 1443)
4(1430 1446 1447 1431)
4(1442 1443 1447 1446)
4(1431 1447 954 924)
4(1443 948 954 1447)
4(1428 1200 1224 1444)
4(281 1444 1224 287)
4(1429 1201 1225 1445)
4(1444 1445 1225 1224)
4(1430 1202 1226 1446)
4(1445 1446 1226 1225)
4(1431 1203 1227 1447)
4(1446 1447 1227 1226)
4(1447 954 960 1227)
4(631 1432 1448 661)
4(263 299 1448 1432)
4(293 661 1448 299)
4(632 1433 1449 662)
4(1432 1448 1449 1433)
4(661 662 1449 1448)
4(633 1434 1450 663)
4(1433 1449 1450 1434)
4(662 663 1450 1449)
4(634 1435 1451 664)
4(1434 1450 1451 1435)
4(663 664 1451 1450)
4(1435 1451 966 936)
4(664 665 966 1451)
4(1432 1436 1452 1448)
4(269 305 1452 1436)
4(299 1448 1452 305)
4(1433 1437 1453 1449)
4(1436 1452 1453 1437)
4(1448 1449 1453 1452)
4(1434 1438 1454 1450)
4(1437 1453 1454 1438)
4(1449 1450 1454 1453)
4(1435 1439 1455 1451)
4(1438 1454 1455 1439)
4(1450 1451 1455 1454)
4(1439 1455 972 942)
4(1451 966 972 1455)
4(1436 1440 1456 1452)
4(275 311 1456 1440)
4(305 1452 1456 311)
4(1437 1441 1457 1453)
4(1440 1456 1457 1441)
4(1452 1453 1457 1456)
4(1438 1442 1458 1454)
4(1441 1457 1458 1442)
4(1453 1454 1458 1457)
4(1439 1443 1459 1455)
4(1442 1458 1459 1443)
4(1454 1455 1459 1458)
4(1443 1459 978 948)
4(1455 972 978 1459)
4(1440 1444 1460 1456)
4(281 317 1460 1444)
4(311 1456 1460 317)
4(1441 1445 1461 1457)
4(1444 1460 1461 1445)
4(1456 1457 1461 1460)
4(1442 1446 1462 1458)
4(1445 1461 1462 1446)
4(1457 1458 1462 1461)
4(1443 1447 1463 1459)
4(1446 1462 1463 1447)
4(1458 1459 1463 1462)
4(1447 1463 984 954)
4(1459 978 984 1463)
4(1444 1224 1248 1460)
4(317 1460 1248 323)
4(1445 1225 1249 1461)
4(1460 1461 1249 1248)
4(1446 1226 1250 1462)
4(1461 1462 1250 1249)
4(1447 1227 1251 1463)
4(1462 1463 1251 1250)
4(1463 984 990 1251)
4(661 1448 1464 691)
4(299 335 1464 1448)
4(329 691 1464 335)
4(662 1449 1465 692)
4(1448 1464 1465 1449)
4(691 692 1465 1464)
4(663 1450 1466 693)
4(1449 1465 1466 1450)
4(692 693 1466 1465)
4(664 1451 1467 694)
4(1450 1466 1467 1451)
4(693 694 1467 1466)
4(1451 1467 996 966)
4(694 695 996 1467)
4(1448 1452 1468 1464)
4(305 341 1468 1452)
4(335 1464 1468 341)
4(1449 1453 1469 1465)
4(1452 1468 1469 1453)
4(1464 1465 1469 1468)
4(1450 1454 1470 1466)
4(1453 1469 1470 1454)
4(1465 1466 1470 1469)
4(1451 1455 1471 1467)
4(1454 1470 1471 1455)
4(1466 1467 1471 1470)
4(1455 1471 1002 972)
4(1467 996 1002 1471)
4(1452 1456 1472 1468)
4(311 347 1472 1456)
4(341 1468 1472 347)
4(1453 1457 1473 1469)
4(1456 1472 1473 1457)
4(1468 1469 1473 1472)
4(1454 1458 1474 1470)
4(1457 1473 1474 1458)
4(1469 1470 1474 1473)
4(1455 1459 1475 1471)
4(1458 1474 1475 1459)
4(1470 1471 1475 1474)
4(1459 1475 1008 978)
4(1471 1002 1008 1475)
4(1456 1460 1476 1472)
4(317 353 1476 1460)
4(347 1472 1476 353)
4(1457 1461 1477 1473)
4(1460 1476 1477 1461)
4(1472 1473 1477 1476)
4(1458 1462 1478 1474)
4(1461 1477 1478 1462)
4(1473 1474 1478 1477)
4(1459 1463 1479 1475)
4(1462 1478 1479 1463)
4(1474 1475 1479 1478)
4(1463 1479 1014 984)
4(1475 1008 1014 1479)
4(1460 1248 1272 1476)
4(353 1476 1272 359)
4(1461 1249 1273 1477)
4(1476 1477 1273 1272)
4(1462 1250 1274 1478)
4(1477 1478 1274 1273)
4(1463 1251 1275 1479)
4(1478 1479 1275 1274)
4(1479 1014 1020 1275)
4(691 1464 1480 721)
4(335 371 1480 1464)
4(692 1465 1481 722)
4(1464 1480 1481 1465)
4(693 1466 1482 723)
4(1465 1481 1482 1466)
4(694 1467 1483 724)
4(1466 1482 1483 1467)
4(1467 1483 1026 996)
4(1464 1468 1484 1480)
4(341 377 1484 1468)
4(1465 1469 1485 1481)
4(1468 1484 1485 1469)
4(1466 1470 1486 1482)
4(1469 1485 1486 1470)
4(1467 1471 1487 1483)
4(1470 1486 1487 1471)
4(1471 1487 1032 1002)
4(1468 1472 1488 1484)
4(347 383 1488 1472)
4(1469 1473 1489 1485)
4(1472 1488 1489 1473)
4(1470 1474 1490 1486)
4(1473 1489 1490 1474)
4(1471 1475 1491 1487)
4(1474 1490 1491 1475)
4(1475 1491 1038 1008)
4(1472 1476 1492 1488)
4(353 389 1492 1476)
4(1473 1477 1493 1489)
4(1476 1492 1493 1477)
4(1474 1478 1494 1490)
4(1477 1493 1494 1478)
4(1475 1479 1495 1491)
4(1478 1494 1495 1479)
4(1479 1495 1044 1014)
4(1476 1272 1296 1492)
4(1477 1273 1297 1493)
4(1478 1274 1298 1494)
4(1479 1275 1299 1495)
4(365 721 1480 371)
4(371 1480 1484 377)
4(377 1484 1488 383)
4(383 1488 1492 389)
4(389 1492 1296 395)
4(721 722 1481 1480)
4(1480 1481 1485 1484)
4(1484 1485 1489 1488)
4(1488 1489 1493 1492)
4(1492 1493 1297 1296)
4(722 723 1482 1481)
4(1481 1482 1486 1485)
4(1485 1486 1490 1489)
4(1489 1490 1494 1493)
4(1493 1494 1298 1297)
4(723 724 1483 1482)
4(1482 1483 1487 1486)
4(1486 1487 1491 1490)
4(1490 1491 1495 1494)
4(1494 1495 1299 1298)
4(724 725 1026 1483)
4(1483 1026 1032 1487)
4(1487 1032 1038 1491)
4(1491 1038 1044 1495)
4(1495 1044 1050 1299)
4(360 361 367 366)
4(366 367 373 372)
4(372 373 379 378)
4(378 379 385 384)
4(384 385 391 390)
4(361 362 368 367)
4(367 368 374 373)
4(373 374 380 379)
4(379 380 386 385)
4(385 386 392 391)
4(362 363 369 368)
4(368 369 375 374)
4(374 375 381 380)
4(380 381 387 386)
4(386 387 393 392)
4(363 364 370 369)
4(369 370 376 375)
4(375 376 382 381)
4(381 382 388 387)
4(387 388 394 393)
4(364 365 371 370)
4(370 371 377 376)
4(376 377 383 382)
4(382 383 389 388)
4(388 389 395 394)
4(360 696 701 361)
4(361 701 706 362)
4(362 706 711 363)
4(363 711 716 364)
4(364 716 721 365)
4(696 697 702 701)
4(701 702 707 706)
4(706 707 712 711)
4(711 712 717 716)
4(716 717 722 721)
4(697 698 703 702)
4(702 703 708 707)
4(707 708 713 712)
4(712 713 718 717)
4(717 718 723 722)
4(698 699 704 703)
4(703 704 709 708)
4(708 709 714 713)
4(713 714 719 718)
4(718 719 724 723)
4(699 700 705 704)
4(704 705 710 709)
4(709 710 715 714)
4(714 715 720 719)
4(719 720 725 724)
4(725 720 1027 1026)
4(1026 1027 1033 1032)
4(1032 1033 1039 1038)
4(1038 1039 1045 1044)
4(1044 1045 1051 1050)
4(720 715 1028 1027)
4(1027 1028 1034 1033)
4(1033 1034 1040 1039)
4(1039 1040 1046 1045)
4(1045 1046 1052 1051)
4(715 710 1029 1028)
4(1028 1029 1035 1034)
4(1034 1035 1041 1040)
4(1040 1041 1047 1046)
4(1046 1047 1053 1052)
4(710 705 1030 1029)
4(1029 1030 1036 1035)
4(1035 1036 1042 1041)
4(1041 1042 1048 1047)
4(1047 1048 1054 1053)
4(705 700 1031 1030)
4(1030 1031 1037 1036)
4(1036 1037 1043 1042)
4(1042 1043 1049 1048)
4(1048 1049 1055 1054)
4(395 1296 1300 394)
4(394 1300 1304 393)
4(393 1304 1308 392)
4(392 1308 1312 391)
4(391 1312 1316 390)
4(1296 1297 1301 1300)
4(1300 1301 1305 1304)
4(1304 1305 1309 1308)
4(1308 1309 1313 1312)
4(1312 1313 1317 1316)
4(1297 1298 1302 1301)
4(1301 1302 1306 1305)
4(1305 1306 1310 1309)
4(1309 1310 1314 1313)
4(1313 1314 1318 1317)
4(1298 1299 1303 1302)
4(1302 1303 1307 1306)
4(1306 1307 1311 1310)
4(1310 1311 1315 1314)
4(1314 1315 1319 1318)
4(1299 1050 1051 1303)
4(1303 1051 1052 1307)
4(1307 1052 1053 1311)
4(1311 1053 1054 1315)
4(1315 1054 1055 1319)
4(0 396 426 36)
4(36 426 456 72)
4(72 456 486 108)
4(108 486 516 144)
4(144 516 546 180)
4(180 546 576 216)
4(216 576 606 252)
4(252 606 636 288)
4(288 636 666 324)
4(324 666 696 360)
4(396 397 427 426)
4(426 427 457 456)
4(456 457 487 486)
4(486 487 517 516)
4(516 517 547 546)
4(546 547 577 576)
4(576 577 607 606)
4(606 607 637 636)
4(636 637 667 666)
4(666 667 697 696)
4(397 398 428 427)
4(427 428 458 457)
4(457 458 488 487)
4(487 488 518 517)
4(517 518 548 547)
4(547 548 578 577)
4(577 578 608 607)
4(607 608 638 637)
4(637 638 668 667)
4(667 668 698 697)
4(398 399 429 428)
4(428 429 459 458)
4(458 459 489 488)
4(488 489 519 518)
4(518 519 549 548)
4(548 549 579 578)
4(578 579 609 608)
4(608 609 639 638)
4(638 639 669 668)
4(668 669 699 698)
4(399 400 430 429)
4(429 430 460 459)
4(459 460 490 489)
4(489 490 520 519)
4(519 520 550 549)
4(549 550 580 579)
4(579 580 610 609)
4(609 610 640 639)
4(639 640 670 669)
4(669 670 700 699)
4(400 731 761 430)
4(731 737 767 761)
4(737 743 773 767)
4(743 749 779 773)
4(749 755 785 779)
4(430 761 791 460)
4(761 767 797 791)
4(767 773 803 797)
4(773 779 809 803)
4(779 785 815 809)
4(460 791 821 490)
4(791 797 827 821)
4(797 803 833 827)
4(803 809 839 833)
4(809 815 845 839)
4(490 821 851 520)
4(821 827 857 851)
4(827 833 863 857)
4(833 839 869 863)
4(839 845 875 869)
4(520 851 881 550)
4(851 857 887 881)
4(857 863 893 887)
4(863 869 899 893)
4(869 875 905 899)
4(550 881 911 580)
4(881 887 917 911)
4(887 893 923 917)
4(893 899 929 923)
4(899 905 935 929)
4(580 911 941 610)
4(911 917 947 941)
4(917 923 953 947)
4(923 929 959 953)
4(929 935 965 959)
4(610 941 971 640)
4(941 947 977 971)
4(947 953 983 977)
4(953 959 989 983)
4(959 965 995 989)
4(640 971 1001 670)
4(971 977 1007 1001)
4(977 983 1013 1007)
4(983 989 1019 1013)
4(989 995 1025 1019)
4(670 1001 1031 700)
4(1001 1007 1037 1031)
4(1007 1013 1043 1037)
4(1013 1019 1049 1043)
4(1019 1025 1055 1049)
4(30 66 1100 1076)
4(66 102 1124 1100)
4(102 138 1148 1124)
4(138 174 1172 1148)
4(174 210 1196 1172)
4(210 246 1220 1196)
4(246 282 1244 1220)
4(282 318 1268 1244)
4(318 354 1292 1268)
4(354 390 1316 1292)
4(1076 1100 1101 1077)
4(1100 1124 1125 1101)
4(1124 1148 1149 1125)
4(1148 1172 1173 1149)
4(1172 1196 1197 1173)
4(1196 1220 1221 1197)
4(1220 1244 1245 1221)
4(1244 1268 1269 1245)
4(1268 1292 1293 1269)
4(1292 1316 1317 1293)
4(1077 1101 1102 1078)
4(1101 1125 1126 1102)
4(1125 1149 1150 1126)
4(1149 1173 1174 1150)
4(1173 1197 1198 1174)
4(1197 1221 1222 1198)
4(1221 1245 1246 1222)
4(1245 1269 1270 1246)
4(1269 1293 1294 1270)
4(1293 1317 1318 1294)
4(1078 1102 1103 1079)
4(1102 1126 1127 1103)
4(1126 1150 1151 1127)
4(1150 1174 1175 1151)
4(1174 1198 1199 1175)
4(1198 1222 1223 1199)
4(1222 1246 1247 1223)
4(1246 1270 1271 1247)
4(1270 1294 1295 1271)
4(1294 1318 1319 1295)
4(1079 1103 785 755)
4(1103 1127 815 785)
4(1127 1151 845 815)
4(1151 1175 875 845)
4(1175 1199 905 875)
4(1199 1223 935 905)
4(1223 1247 965 935)
4(1247 1271 995 965)
4(1271 1295 1025 995)
4(1295 1319 1055 1025)
4(0 36 42 6)
4(6 42 48 12)
4(12 48 54 18)
4(18 54 60 24)
4(24 60 66 30)
4(36 72 78 42)
4(42 78 84 48)
4(48 84 90 54)
4(54 90 96 60)
4(60 96 102 66)
4(72 108 114 78)
4(78 114 120 84)
4(84 120 126 90)
4(90 126 132 96)
4(96 132 138 102)
4(108 144 150 114)
4(114 150 156 120)
4(120 156 162 126)
4(126 162 168 132)
4(132 168 174 138)
4(144 180 186 150)
4(150 186 192 156)
4(156 192 198 162)
4(162 198 204 168)
4(168 204 210 174)
4(180 216 222 186)
4(186 222 228 192)
4(192 228 234 198)
4(198 234 240 204)
4(204 240 246 210)
4(216 252 258 222)
4(222 258 264 228)
4(228 264 270 234)
4(234 270 276 240)
4(240 276 282 246)
4(252 288 294 258)
4(258 294 300 264)
4(264 300 306 270)
4(270 306 312 276)
4(276 312 318 282)
4(288 324 330 294)
4(294 330 336 300)
4(300 336 342 306)
4(306 342 348 312)
4(312 348 354 318)
4(324 360 366 330)
4(330 366 372 336)
4(336 372 378 342)
4(342 378 384 348)
4(348 384 390 354)
4(5 11 1320 421)
4(11 17 1324 1320)
4(17 23 1328 1324)
4(23 29 1332 1328)
4(29 35 1056 1332)
4(421 1320 1321 422)
4(1320 1324 1325 1321)
4(1324 1328 1329 1325)
4(1328 1332 1333 1329)
4(1332 1056 1057 1333)
4(422 1321 1322 423)
4(1321 1325 1326 1322)
4(1325 1329 1330 1326)
4(1329 1333 1334 1330)
4(1333 1057 1058 1334)
4(423 1322 1323 424)
4(1322 1326 1327 1323)
4(1326 1330 1331 1327)
4(1330 1334 1335 1331)
4(1334 1058 1059 1335)
4(424 1323 726 425)
4(1323 1327 732 726)
4(1327 1331 738 732)
4(1331 1335 744 738)
4(1335 1059 750 744)
4(0 6 7 1)
4(6 12 13 7)
4(12 18 19 13)
4(18 24 25 19)
4(24 30 31 25)
4(1 7 8 2)
4(7 13 14 8)
4(13 19 20 14)
4(19 25 26 20)
4(25 31 32 26)
4(2 8 9 3)
4(8 14 15 9)
4(14 20 21 15)
4(20 26 27 21)
4(26 32 33 27)
4(3 9 10 4)
4(9 15 16 10)
4(15 21 22 16)
4(21 27 28 22)
4(27 33 34 28)
4(4 10 11 5)
4(10 16 17 11)
4(16 22 23 17)
4(22 28 29 23)
4(28 34 35 29)
4(0 1 401 396)
4(1 2 406 401)
4(2 3 411 406)
4(3 4 416 411)
4(4 5 421 416)
4(396 401 402 397)
4(401 406 407 402)
4(406 411 412 407)
4(411 416 417 412)
4(416 421 422 417)
4(397 402 403 398)
4(402 407 408 403)
4(407 412 413 408)
4(412 417 418 413)
4(417 422 423 418)
4(398 403 404 399)
4(403 408 409 404)
4(408 413 414 409)
4(413 418 419 414)
4(418 423 424 419)
4(399 404 405 400)
4(404 409 410 405)
4(409 414 415 410)
4(414 419 420 415)
4(419 424 425 420)
4(425 726 727 420)
4(726 732 733 727)
4(732 738 739 733)
4(738 744 745 739)
4(744 750 751 745)
4(420 727 728 415)
4(727 733 734 728)
4(733 739 740 734)
4(739 745 746 740)
4(745 751 752 746)
4(415 728 729 410)
4(728 734 735 729)
4(734 740 741 735)
4(740 746 747 741)
4(746 752 753 747)
4(410 729 730 405)
4(729 735 736 730)
4(735 741 742 736)
4(741 747 748 742)
4(747 753 754 748)
4(405 730 731 400)
4(730 736 737 731)
4(736 742 743 737)
4(742 748 749 743)
4(748 754 755 749)
4(35 34 1060 1056)
4(34 33 1064 1060)
4(33 32 1068 1064)
4(32 31 1072 1068)
4(31 30 1076 1072)
4(1056 1060 1061 1057)
4(1060 1064 1065 1061)
4(1064 1068 1069 1065)
4(1068 1072 1073 1069)
4(1072 1076 1077 1073)
4(1057 1061 1062 1058)
4(1061 1065 1066 1062)
4(1065 1069 1070 1066)
4(1069 1073 1074 1070)
4(1073 1077 1078 1074)
4(1058 1062 1063 1059)
4(1062 1066 1067 1063)
4(1066 1070 1071 1067)
4(1070 1074 1075 1071)
4(1074 1078 1079 1075)
4(1059 1063 751 750)
4(1063 1067 752 751)
4(1067 1071 753 752)
4(1071 1075 754 753)
4(1075 1079 755 754)
)


// ************************************************************************* //
