/*--------------------------------*- C++ -*----------------------------------*\
| =========                 |                                                 |
| \\      /  F ield         | foam-extend: Open Source CFD                    |
|  \\    /   O peration     | Version:     4.0                                |
|   \\  /    A nd           | Web:         http://www.foam-extend.org         |
|    \\/     M anipulation  |                                                 |
\*---------------------------------------------------------------------------*/
FoamFile
{
    version     2.0;
    format      ascii;
    class       labelList;
    note        "nPoints: 1496 nCells: 1250 nFaces: 3975 nInternalFaces: 3525";
    location    "constant/polyMesh";
    object      neighbour;
}
// * * * * * * * * * * * * * * * * * * * * * * * * * * * * * * * * * * * * * //


3525
(
1
5
25
250
2
6
26
255
3
7
27
260
4
8
28
265
9
29
270
1000
6
10
30
7
11
31
8
12
32
9
13
33
14
34
1005
11
15
35
12
16
36
13
17
37
14
18
38
19
39
1010
16
20
40
17
21
41
18
22
42
19
23
43
24
44
1015
21
45
770
22
46
765
23
47
760
24
48
755
49
750
1020
26
30
50
275
27
31
51
280
28
32
52
285
29
33
53
290
34
54
295
1025
31
35
55
32
36
56
33
37
57
34
38
58
39
59
1030
36
40
60
37
41
61
38
42
62
39
43
63
44
64
1035
41
45
65
42
46
66
43
47
67
44
48
68
49
69
1040
46
70
795
47
71
790
48
72
785
49
73
780
74
775
1045
51
55
75
300
52
56
76
305
53
57
77
310
54
58
78
315
59
79
320
1050
56
60
80
57
61
81
58
62
82
59
63
83
64
84
1055
61
65
85
62
66
86
63
67
87
64
68
88
69
89
1060
66
70
90
67
71
91
68
72
92
69
73
93
74
94
1065
71
95
820
72
96
815
73
97
810
74
98
805
99
800
1070
76
80
100
325
77
81
101
330
78
82
102
335
79
83
103
340
84
104
345
1075
81
85
105
82
86
106
83
87
107
84
88
108
89
109
1080
86
90
110
87
91
111
88
92
112
89
93
113
94
114
1085
91
95
115
92
96
116
93
97
117
94
98
118
99
119
1090
96
120
845
97
121
840
98
122
835
99
123
830
124
825
1095
101
105
125
350
102
106
126
355
103
107
127
360
104
108
128
365
109
129
370
1100
106
110
130
107
111
131
108
112
132
109
113
133
114
134
1105
111
115
135
112
116
136
113
117
137
114
118
138
119
139
1110
116
120
140
117
121
141
118
122
142
119
123
143
124
144
1115
121
145
870
122
146
865
123
147
860
124
148
855
149
850
1120
126
130
150
375
127
131
151
380
128
132
152
385
129
133
153
390
134
154
395
1125
131
135
155
132
136
156
133
137
157
134
138
158
139
159
1130
136
140
160
137
141
161
138
142
162
139
143
163
144
164
1135
141
145
165
142
146
166
143
147
167
144
148
168
149
169
1140
146
170
895
147
171
890
148
172
885
149
173
880
174
875
1145
151
155
175
400
152
156
176
405
153
157
177
410
154
158
178
415
159
179
420
1150
156
160
180
157
161
181
158
162
182
159
163
183
164
184
1155
161
165
185
162
166
186
163
167
187
164
168
188
169
189
1160
166
170
190
167
171
191
168
172
192
169
173
193
174
194
1165
171
195
920
172
196
915
173
197
910
174
198
905
199
900
1170
176
180
200
425
177
181
201
430
178
182
202
435
179
183
203
440
184
204
445
1175
181
185
205
182
186
206
183
187
207
184
188
208
189
209
1180
186
190
210
187
191
211
188
192
212
189
193
213
194
214
1185
191
195
215
192
196
216
193
197
217
194
198
218
199
219
1190
196
220
945
197
221
940
198
222
935
199
223
930
224
925
1195
201
205
225
450
202
206
226
455
203
207
227
460
204
208
228
465
209
229
470
1200
206
210
230
207
211
231
208
212
232
209
213
233
214
234
1205
211
215
235
212
216
236
213
217
237
214
218
238
219
239
1210
216
220
240
217
221
241
218
222
242
219
223
243
224
244
1215
221
245
970
222
246
965
223
247
960
224
248
955
249
950
1220
226
230
475
227
231
480
228
232
485
229
233
490
234
495
1225
231
235
232
236
233
237
234
238
239
1230
236
240
237
241
238
242
239
243
244
1235
241
245
242
246
243
247
244
248
249
1240
246
995
247
990
248
985
249
980
975
1245
251
255
275
252
256
276
253
257
277
254
258
278
259
279
504
256
260
280
257
261
281
258
262
282
259
263
283
264
284
503
261
265
285
262
266
286
263
267
287
264
268
288
269
289
502
266
270
290
267
271
291
268
272
292
269
273
293
274
294
501
271
295
1000
272
296
1001
273
297
1002
274
298
1003
299
500
1004
276
280
300
277
281
301
278
282
302
279
283
303
284
304
529
281
285
305
282
286
306
283
287
307
284
288
308
289
309
528
286
290
310
287
291
311
288
292
312
289
293
313
294
314
527
291
295
315
292
296
316
293
297
317
294
298
318
299
319
526
296
320
1025
297
321
1026
298
322
1027
299
323
1028
324
525
1029
301
305
325
302
306
326
303
307
327
304
308
328
309
329
554
306
310
330
307
311
331
308
312
332
309
313
333
314
334
553
311
315
335
312
316
336
313
317
337
314
318
338
319
339
552
316
320
340
317
321
341
318
322
342
319
323
343
324
344
551
321
345
1050
322
346
1051
323
347
1052
324
348
1053
349
550
1054
326
330
350
327
331
351
328
332
352
329
333
353
334
354
579
331
335
355
332
336
356
333
337
357
334
338
358
339
359
578
336
340
360
337
341
361
338
342
362
339
343
363
344
364
577
341
345
365
342
346
366
343
347
367
344
348
368
349
369
576
346
370
1075
347
371
1076
348
372
1077
349
373
1078
374
575
1079
351
355
375
352
356
376
353
357
377
354
358
378
359
379
604
356
360
380
357
361
381
358
362
382
359
363
383
364
384
603
361
365
385
362
366
386
363
367
387
364
368
388
369
389
602
366
370
390
367
371
391
368
372
392
369
373
393
374
394
601
371
395
1100
372
396
1101
373
397
1102
374
398
1103
399
600
1104
376
380
400
377
381
401
378
382
402
379
383
403
384
404
629
381
385
405
382
386
406
383
387
407
384
388
408
389
409
628
386
390
410
387
391
411
388
392
412
389
393
413
394
414
627
391
395
415
392
396
416
393
397
417
394
398
418
399
419
626
396
420
1125
397
421
1126
398
422
1127
399
423
1128
424
625
1129
401
405
425
402
406
426
403
407
427
404
408
428
409
429
654
406
410
430
407
411
431
408
412
432
409
413
433
414
434
653
411
415
435
412
416
436
413
417
437
414
418
438
419
439
652
416
420
440
417
421
441
418
422
442
419
423
443
424
444
651
421
445
1150
422
446
1151
423
447
1152
424
448
1153
449
650
1154
426
430
450
427
431
451
428
432
452
429
433
453
434
454
679
431
435
455
432
436
456
433
437
457
434
438
458
439
459
678
436
440
460
437
441
461
438
442
462
439
443
463
444
464
677
441
445
465
442
446
466
443
447
467
444
448
468
449
469
676
446
470
1175
447
471
1176
448
472
1177
449
473
1178
474
675
1179
451
455
475
452
456
476
453
457
477
454
458
478
459
479
704
456
460
480
457
461
481
458
462
482
459
463
483
464
484
703
461
465
485
462
466
486
463
467
487
464
468
488
469
489
702
466
470
490
467
471
491
468
472
492
469
473
493
474
494
701
471
495
1200
472
496
1201
473
497
1202
474
498
1203
499
700
1204
476
480
477
481
478
482
479
483
484
729
481
485
482
486
483
487
484
488
489
728
486
490
487
491
488
492
489
493
494
727
491
495
492
496
493
497
494
498
499
726
496
1225
497
1226
498
1227
499
1228
725
1229
501
505
525
1004
502
506
526
503
507
527
504
508
528
509
529
506
510
530
1009
507
511
531
508
512
532
509
513
533
514
534
511
515
535
1014
512
516
536
513
517
537
514
518
538
519
539
516
520
540
1019
517
521
541
518
522
542
519
523
543
524
544
521
545
754
1024
522
546
759
523
547
764
524
548
769
549
774
526
530
550
1029
527
531
551
528
532
552
529
533
553
534
554
531
535
555
1034
532
536
556
533
537
557
534
538
558
539
559
536
540
560
1039
537
541
561
538
542
562
539
543
563
544
564
541
545
565
1044
542
546
566
543
547
567
544
548
568
549
569
546
570
779
1049
547
571
784
548
572
789
549
573
794
574
799
551
555
575
1054
552
556
576
553
557
577
554
558
578
559
579
556
560
580
1059
557
561
581
558
562
582
559
563
583
564
584
561
565
585
1064
562
566
586
563
567
587
564
568
588
569
589
566
570
590
1069
567
571
591
568
572
592
569
573
593
574
594
571
595
804
1074
572
596
809
573
597
814
574
598
819
599
824
576
580
600
1079
577
581
601
578
582
602
579
583
603
584
604
581
585
605
1084
582
586
606
583
587
607
584
588
608
589
609
586
590
610
1089
587
591
611
588
592
612
589
593
613
594
614
591
595
615
1094
592
596
616
593
597
617
594
598
618
599
619
596
620
829
1099
597
621
834
598
622
839
599
623
844
624
849
601
605
625
1104
602
606
626
603
607
627
604
608
628
609
629
606
610
630
1109
607
611
631
608
612
632
609
613
633
614
634
611
615
635
1114
612
616
636
613
617
637
614
618
638
619
639
616
620
640
1119
617
621
641
618
622
642
619
623
643
624
644
621
645
854
1124
622
646
859
623
647
864
624
648
869
649
874
626
630
650
1129
627
631
651
628
632
652
629
633
653
634
654
631
635
655
1134
632
636
656
633
637
657
634
638
658
639
659
636
640
660
1139
637
641
661
638
642
662
639
643
663
644
664
641
645
665
1144
642
646
666
643
647
667
644
648
668
649
669
646
670
879
1149
647
671
884
648
672
889
649
673
894
674
899
651
655
675
1154
652
656
676
653
657
677
654
658
678
659
679
656
660
680
1159
657
661
681
658
662
682
659
663
683
664
684
661
665
685
1164
662
666
686
663
667
687
664
668
688
669
689
666
670
690
1169
667
671
691
668
672
692
669
673
693
674
694
671
695
904
1174
672
696
909
673
697
914
674
698
919
699
924
676
680
700
1179
677
681
701
678
682
702
679
683
703
684
704
681
685
705
1184
682
686
706
683
687
707
684
688
708
689
709
686
690
710
1189
687
691
711
688
692
712
689
693
713
694
714
691
695
715
1194
692
696
716
693
697
717
694
698
718
699
719
696
720
929
1199
697
721
934
698
722
939
699
723
944
724
949
701
705
725
1204
702
706
726
703
707
727
704
708
728
709
729
706
710
730
1209
707
711
731
708
712
732
709
713
733
714
734
711
715
735
1214
712
716
736
713
717
737
714
718
738
719
739
716
720
740
1219
717
721
741
718
722
742
719
723
743
724
744
721
745
954
1224
722
746
959
723
747
964
724
748
969
749
974
726
730
1229
727
731
728
732
729
733
734
731
735
1234
732
736
733
737
734
738
739
736
740
1239
737
741
738
742
739
743
744
741
745
1244
742
746
743
747
744
748
749
746
979
1249
747
984
748
989
749
994
999
751
755
775
1020
752
756
776
1021
753
757
777
1022
754
758
778
1023
759
779
1024
756
760
780
757
761
781
758
762
782
759
763
783
764
784
761
765
785
762
766
786
763
767
787
764
768
788
769
789
766
770
790
767
771
791
768
772
792
769
773
793
774
794
771
795
772
796
773
797
774
798
799
776
780
800
1045
777
781
801
1046
778
782
802
1047
779
783
803
1048
784
804
1049
781
785
805
782
786
806
783
787
807
784
788
808
789
809
786
790
810
787
791
811
788
792
812
789
793
813
794
814
791
795
815
792
796
816
793
797
817
794
798
818
799
819
796
820
797
821
798
822
799
823
824
801
805
825
1070
802
806
826
1071
803
807
827
1072
804
808
828
1073
809
829
1074
806
810
830
807
811
831
808
812
832
809
813
833
814
834
811
815
835
812
816
836
813
817
837
814
818
838
819
839
816
820
840
817
821
841
818
822
842
819
823
843
824
844
821
845
822
846
823
847
824
848
849
826
830
850
1095
827
831
851
1096
828
832
852
1097
829
833
853
1098
834
854
1099
831
835
855
832
836
856
833
837
857
834
838
858
839
859
836
840
860
837
841
861
838
842
862
839
843
863
844
864
841
845
865
842
846
866
843
847
867
844
848
868
849
869
846
870
847
871
848
872
849
873
874
851
855
875
1120
852
856
876
1121
853
857
877
1122
854
858
878
1123
859
879
1124
856
860
880
857
861
881
858
862
882
859
863
883
864
884
861
865
885
862
866
886
863
867
887
864
868
888
869
889
866
870
890
867
871
891
868
872
892
869
873
893
874
894
871
895
872
896
873
897
874
898
899
876
880
900
1145
877
881
901
1146
878
882
902
1147
879
883
903
1148
884
904
1149
881
885
905
882
886
906
883
887
907
884
888
908
889
909
886
890
910
887
891
911
888
892
912
889
893
913
894
914
891
895
915
892
896
916
893
897
917
894
898
918
899
919
896
920
897
921
898
922
899
923
924
901
905
925
1170
902
906
926
1171
903
907
927
1172
904
908
928
1173
909
929
1174
906
910
930
907
911
931
908
912
932
909
913
933
914
934
911
915
935
912
916
936
913
917
937
914
918
938
919
939
916
920
940
917
921
941
918
922
942
919
923
943
924
944
921
945
922
946
923
947
924
948
949
926
930
950
1195
927
931
951
1196
928
932
952
1197
929
933
953
1198
934
954
1199
931
935
955
932
936
956
933
937
957
934
938
958
939
959
936
940
960
937
941
961
938
942
962
939
943
963
944
964
941
945
965
942
946
966
943
947
967
944
948
968
949
969
946
970
947
971
948
972
949
973
974
951
955
975
1220
952
956
976
1221
953
957
977
1222
954
958
978
1223
959
979
1224
956
960
980
957
961
981
958
962
982
959
963
983
964
984
961
965
985
962
966
986
963
967
987
964
968
988
969
989
966
970
990
967
971
991
968
972
992
969
973
993
974
994
971
995
972
996
973
997
974
998
999
976
980
1245
977
981
1246
978
982
1247
979
983
1248
984
1249
981
985
982
986
983
987
984
988
989
986
990
987
991
988
992
989
993
994
991
995
992
996
993
997
994
998
999
996
997
998
999
1001
1005
1025
1002
1006
1026
1003
1007
1027
1004
1008
1028
1009
1029
1006
1010
1030
1007
1011
1031
1008
1012
1032
1009
1013
1033
1014
1034
1011
1015
1035
1012
1016
1036
1013
1017
1037
1014
1018
1038
1019
1039
1016
1020
1040
1017
1021
1041
1018
1022
1042
1019
1023
1043
1024
1044
1021
1045
1022
1046
1023
1047
1024
1048
1049
1026
1030
1050
1027
1031
1051
1028
1032
1052
1029
1033
1053
1034
1054
1031
1035
1055
1032
1036
1056
1033
1037
1057
1034
1038
1058
1039
1059
1036
1040
1060
1037
1041
1061
1038
1042
1062
1039
1043
1063
1044
1064
1041
1045
1065
1042
1046
1066
1043
1047
1067
1044
1048
1068
1049
1069
1046
1070
1047
1071
1048
1072
1049
1073
1074
1051
1055
1075
1052
1056
1076
1053
1057
1077
1054
1058
1078
1059
1079
1056
1060
1080
1057
1061
1081
1058
1062
1082
1059
1063
1083
1064
1084
1061
1065
1085
1062
1066
1086
1063
1067
1087
1064
1068
1088
1069
1089
1066
1070
1090
1067
1071
1091
1068
1072
1092
1069
1073
1093
1074
1094
1071
1095
1072
1096
1073
1097
1074
1098
1099
1076
1080
1100
1077
1081
1101
1078
1082
1102
1079
1083
1103
1084
1104
1081
1085
1105
1082
1086
1106
1083
1087
1107
1084
1088
1108
1089
1109
1086
1090
1110
1087
1091
1111
1088
1092
1112
1089
1093
1113
1094
1114
1091
1095
1115
1092
1096
1116
1093
1097
1117
1094
1098
1118
1099
1119
1096
1120
1097
1121
1098
1122
1099
1123
1124
1101
1105
1125
1102
1106
1126
1103
1107
1127
1104
1108
1128
1109
1129
1106
1110
1130
1107
1111
1131
1108
1112
1132
1109
1113
1133
1114
1134
1111
1115
1135
1112
1116
1136
1113
1117
1137
1114
1118
1138
1119
1139
1116
1120
1140
1117
1121
1141
1118
1122
1142
1119
1123
1143
1124
1144
1121
1145
1122
1146
1123
1147
1124
1148
1149
1126
1130
1150
1127
1131
1151
1128
1132
1152
1129
1133
1153
1134
1154
1131
1135
1155
1132
1136
1156
1133
1137
1157
1134
1138
1158
1139
1159
1136
1140
1160
1137
1141
1161
1138
1142
1162
1139
1143
1163
1144
1164
1141
1145
1165
1142
1146
1166
1143
1147
1167
1144
1148
1168
1149
1169
1146
1170
1147
1171
1148
1172
1149
1173
1174
1151
1155
1175
1152
1156
1176
1153
1157
1177
1154
1158
1178
1159
1179
1156
1160
1180
1157
1161
1181
1158
1162
1182
1159
1163
1183
1164
1184
1161
1165
1185
1162
1166
1186
1163
1167
1187
1164
1168
1188
1169
1189
1166
1170
1190
1167
1171
1191
1168
1172
1192
1169
1173
1193
1174
1194
1171
1195
1172
1196
1173
1197
1174
1198
1199
1176
1180
1200
1177
1181
1201
1178
1182
1202
1179
1183
1203
1184
1204
1181
1185
1205
1182
1186
1206
1183
1187
1207
1184
1188
1208
1189
1209
1186
1190
1210
1187
1191
1211
1188
1192
1212
1189
1193
1213
1194
1214
1191
1195
1215
1192
1196
1216
1193
1197
1217
1194
1198
1218
1199
1219
1196
1220
1197
1221
1198
1222
1199
1223
1224
1201
1205
1225
1202
1206
1226
1203
1207
1227
1204
1208
1228
1209
1229
1206
1210
1230
1207
1211
1231
1208
1212
1232
1209
1213
1233
1214
1234
1211
1215
1235
1212
1216
1236
1213
1217
1237
1214
1218
1238
1219
1239
1216
1220
1240
1217
1221
1241
1218
1222
1242
1219
1223
1243
1224
1244
1221
1245
1222
1246
1223
1247
1224
1248
1249
1226
1230
1227
1231
1228
1232
1229
1233
1234
1231
1235
1232
1236
1233
1237
1234
1238
1239
1236
1240
1237
1241
1238
1242
1239
1243
1244
1241
1245
1242
1246
1243
1247
1244
1248
1249
1246
1247
1248
1249
)


// ************************************************************************* //
