/*--------------------------------*- C++ -*----------------------------------*\
| =========                 |                                                 |
| \\      /  F ield         | foam-extend: Open Source CFD                    |
|  \\    /   O peration     | Version:     4.0                                |
|   \\  /    A nd           | Web:         http://www.foam-extend.org         |
|    \\/     M anipulation  |                                                 |
\*---------------------------------------------------------------------------*/
FoamFile
{
    version     2.0;
    format      ascii;
    class       vectorField;
    location    "constant/polyMesh";
    object      points;
}
// * * * * * * * * * * * * * * * * * * * * * * * * * * * * * * * * * * * * * //


1496
(
(0.8232233 0.8232233 0)
(0.84090098 0.84090098 0)
(0.85857866 0.85857866 0)
(0.87625634 0.87625634 0)
(0.89393402 0.89393402 0)
(0.9116117 0.9116117 0)
(0.7772483671 0.8865023733 0)
(0.8041210336 0.8985953027 0)
(0.8309937002 0.910688232 0)
(0.8578663668 0.9227811613 0)
(0.8847390334 0.9348740907 0)
(0.9116117 0.94696702 0)
(0.7530779146 0.9608913834 0)
(0.7847846717 0.9651775747 0)
(0.8164914288 0.969463766 0)
(0.8481981859 0.9737499573 0)
(0.8799049429 0.9780361487 0)
(0.9116117 0.98232234 0)
(0.7530779146 1.039108617 0)
(0.7847846717 1.034822425 0)
(0.8164914288 1.030536234 0)
(0.8481981859 1.026250043 0)
(0.8799049429 1.021963851 0)
(0.9116117 1.01767766 0)
(0.7772483671 1.113497627 0)
(0.8041210336 1.101404697 0)
(0.8309937002 1.089311768 0)
(0.8578663668 1.077218839 0)
(0.8847390334 1.065125909 0)
(0.9116117 1.05303298 0)
(0.8232233 1.1767767 0)
(0.84090098 1.15909902 0)
(0.85857866 1.14142134 0)
(0.87625634 1.12374366 0)
(0.89393402 1.10606598 0)
(0.9116117 1.0883883 0)
(0.8232233 0.8232233 0.15)
(0.84090098 0.84090098 0.15)
(0.85857866 0.85857866 0.15)
(0.87625634 0.87625634 0.15)
(0.89393402 0.89393402 0.15)
(0.9116117 0.9116117 0.15)
(0.7772483671 0.8865023733 0.15)
(0.8041210336 0.8985953027 0.15)
(0.8309937002 0.910688232 0.15)
(0.8578663668 0.9227811613 0.15)
(0.8847390334 0.9348740907 0.15)
(0.9116117 0.94696702 0.15)
(0.7530779146 0.9608913834 0.15)
(0.7847846717 0.9651775747 0.15)
(0.8164914288 0.969463766 0.15)
(0.8481981859 0.9737499573 0.15)
(0.8799049429 0.9780361487 0.15)
(0.9116117 0.98232234 0.15)
(0.7530779146 1.039108617 0.15)
(0.7847846717 1.034822425 0.15)
(0.8164914288 1.030536234 0.15)
(0.8481981859 1.026250043 0.15)
(0.8799049429 1.021963851 0.15)
(0.9116117 1.01767766 0.15)
(0.7772483671 1.113497627 0.15)
(0.8041210336 1.101404697 0.15)
(0.8309937002 1.089311768 0.15)
(0.8578663668 1.077218839 0.15)
(0.8847390334 1.065125909 0.15)
(0.9116117 1.05303298 0.15)
(0.8232233 1.1767767 0.15)
(0.84090098 1.15909902 0.15)
(0.85857866 1.14142134 0.15)
(0.87625634 1.12374366 0.15)
(0.89393402 1.10606598 0.15)
(0.9116117 1.0883883 0.15)
(0.8232233 0.8232233 0.3)
(0.84090098 0.84090098 0.3)
(0.85857866 0.85857866 0.3)
(0.87625634 0.87625634 0.3)
(0.89393402 0.89393402 0.3)
(0.9116117 0.9116117 0.3)
(0.7772483671 0.8865023733 0.3)
(0.8041210336 0.8985953027 0.3)
(0.8309937002 0.910688232 0.3)
(0.8578663668 0.9227811613 0.3)
(0.8847390334 0.9348740907 0.3)
(0.9116117 0.94696702 0.3)
(0.7530779146 0.9608913834 0.3)
(0.7847846717 0.9651775747 0.3)
(0.8164914288 0.969463766 0.3)
(0.8481981859 0.9737499573 0.3)
(0.8799049429 0.9780361487 0.3)
(0.9116117 0.98232234 0.3)
(0.7530779146 1.039108617 0.3)
(0.7847846717 1.034822425 0.3)
(0.8164914288 1.030536234 0.3)
(0.8481981859 1.026250043 0.3)
(0.8799049429 1.021963851 0.3)
(0.9116117 1.01767766 0.3)
(0.7772483671 1.113497627 0.3)
(0.8041210336 1.101404697 0.3)
(0.8309937002 1.089311768 0.3)
(0.8578663668 1.077218839 0.3)
(0.8847390334 1.065125909 0.3)
(0.9116117 1.05303298 0.3)
(0.8232233 1.1767767 0.3)
(0.84090098 1.15909902 0.3)
(0.85857866 1.14142134 0.3)
(0.87625634 1.12374366 0.3)
(0.89393402 1.10606598 0.3)
(0.9116117 1.0883883 0.3)
(0.8232233 0.8232233 0.45)
(0.84090098 0.84090098 0.45)
(0.85857866 0.85857866 0.45)
(0.87625634 0.87625634 0.45)
(0.89393402 0.89393402 0.45)
(0.9116117 0.9116117 0.45)
(0.7772483671 0.8865023733 0.45)
(0.8041210336 0.8985953027 0.45)
(0.8309937002 0.910688232 0.45)
(0.8578663668 0.9227811613 0.45)
(0.8847390334 0.9348740907 0.45)
(0.9116117 0.94696702 0.45)
(0.7530779146 0.9608913834 0.45)
(0.7847846717 0.9651775747 0.45)
(0.8164914288 0.969463766 0.45)
(0.8481981859 0.9737499573 0.45)
(0.8799049429 0.9780361487 0.45)
(0.9116117 0.98232234 0.45)
(0.7530779146 1.039108617 0.45)
(0.7847846717 1.034822425 0.45)
(0.8164914288 1.030536234 0.45)
(0.8481981859 1.026250043 0.45)
(0.8799049429 1.021963851 0.45)
(0.9116117 1.01767766 0.45)
(0.7772483671 1.113497627 0.45)
(0.8041210336 1.101404697 0.45)
(0.8309937002 1.089311768 0.45)
(0.8578663668 1.077218839 0.45)
(0.8847390334 1.065125909 0.45)
(0.9116117 1.05303298 0.45)
(0.8232233 1.1767767 0.45)
(0.84090098 1.15909902 0.45)
(0.85857866 1.14142134 0.45)
(0.87625634 1.12374366 0.45)
(0.89393402 1.10606598 0.45)
(0.9116117 1.0883883 0.45)
(0.8232233 0.8232233 0.6)
(0.84090098 0.84090098 0.6)
(0.85857866 0.85857866 0.6)
(0.87625634 0.87625634 0.6)
(0.89393402 0.89393402 0.6)
(0.9116117 0.9116117 0.6)
(0.7772483671 0.8865023733 0.6)
(0.8041210336 0.8985953027 0.6)
(0.8309937002 0.910688232 0.6)
(0.8578663668 0.9227811613 0.6)
(0.8847390334 0.9348740907 0.6)
(0.9116117 0.94696702 0.6)
(0.7530779146 0.9608913834 0.6)
(0.7847846717 0.9651775747 0.6)
(0.8164914288 0.969463766 0.6)
(0.8481981859 0.9737499573 0.6)
(0.8799049429 0.9780361487 0.6)
(0.9116117 0.98232234 0.6)
(0.7530779146 1.039108617 0.6)
(0.7847846717 1.034822425 0.6)
(0.8164914288 1.030536234 0.6)
(0.8481981859 1.026250043 0.6)
(0.8799049429 1.021963851 0.6)
(0.9116117 1.01767766 0.6)
(0.7772483671 1.113497627 0.6)
(0.8041210336 1.101404697 0.6)
(0.8309937002 1.089311768 0.6)
(0.8578663668 1.077218839 0.6)
(0.8847390334 1.065125909 0.6)
(0.9116117 1.05303298 0.6)
(0.8232233 1.1767767 0.6)
(0.84090098 1.15909902 0.6)
(0.85857866 1.14142134 0.6)
(0.87625634 1.12374366 0.6)
(0.89393402 1.10606598 0.6)
(0.9116117 1.0883883 0.6)
(0.8232233 0.8232233 0.75)
(0.84090098 0.84090098 0.75)
(0.85857866 0.85857866 0.75)
(0.87625634 0.87625634 0.75)
(0.89393402 0.89393402 0.75)
(0.9116117 0.9116117 0.75)
(0.7772483671 0.8865023733 0.75)
(0.8041210336 0.8985953027 0.75)
(0.8309937002 0.910688232 0.75)
(0.8578663668 0.9227811613 0.75)
(0.8847390334 0.9348740907 0.75)
(0.9116117 0.94696702 0.75)
(0.7530779146 0.9608913834 0.75)
(0.7847846717 0.9651775747 0.75)
(0.8164914288 0.969463766 0.75)
(0.8481981859 0.9737499573 0.75)
(0.8799049429 0.9780361487 0.75)
(0.9116117 0.98232234 0.75)
(0.7530779146 1.039108617 0.75)
(0.7847846717 1.034822425 0.75)
(0.8164914288 1.030536234 0.75)
(0.8481981859 1.026250043 0.75)
(0.8799049429 1.021963851 0.75)
(0.9116117 1.01767766 0.75)
(0.7772483671 1.113497627 0.75)
(0.8041210336 1.101404697 0.75)
(0.8309937002 1.089311768 0.75)
(0.8578663668 1.077218839 0.75)
(0.8847390334 1.065125909 0.75)
(0.9116117 1.05303298 0.75)
(0.8232233 1.1767767 0.75)
(0.84090098 1.15909902 0.75)
(0.85857866 1.14142134 0.75)
(0.87625634 1.12374366 0.75)
(0.89393402 1.10606598 0.75)
(0.9116117 1.0883883 0.75)
(0.8232233 0.8232233 0.9)
(0.84090098 0.84090098 0.9)
(0.85857866 0.85857866 0.9)
(0.87625634 0.87625634 0.9)
(0.89393402 0.89393402 0.9)
(0.9116117 0.9116117 0.9)
(0.7772483671 0.8865023733 0.9)
(0.8041210336 0.8985953027 0.9)
(0.8309937002 0.910688232 0.9)
(0.8578663668 0.9227811613 0.9)
(0.8847390334 0.9348740907 0.9)
(0.9116117 0.94696702 0.9)
(0.7530779146 0.9608913834 0.9)
(0.7847846717 0.9651775747 0.9)
(0.8164914288 0.969463766 0.9)
(0.8481981859 0.9737499573 0.9)
(0.8799049429 0.9780361487 0.9)
(0.9116117 0.98232234 0.9)
(0.7530779146 1.039108617 0.9)
(0.7847846717 1.034822425 0.9)
(0.8164914288 1.030536234 0.9)
(0.8481981859 1.026250043 0.9)
(0.8799049429 1.021963851 0.9)
(0.9116117 1.01767766 0.9)
(0.7772483671 1.113497627 0.9)
(0.8041210336 1.101404697 0.9)
(0.8309937002 1.089311768 0.9)
(0.8578663668 1.077218839 0.9)
(0.8847390334 1.065125909 0.9)
(0.9116117 1.05303298 0.9)
(0.8232233 1.1767767 0.9)
(0.84090098 1.15909902 0.9)
(0.85857866 1.14142134 0.9)
(0.87625634 1.12374366 0.9)
(0.89393402 1.10606598 0.9)
(0.9116117 1.0883883 0.9)
(0.8232233 0.8232233 1.05)
(0.84090098 0.84090098 1.05)
(0.85857866 0.85857866 1.05)
(0.87625634 0.87625634 1.05)
(0.89393402 0.89393402 1.05)
(0.9116117 0.9116117 1.05)
(0.7772483671 0.8865023733 1.05)
(0.8041210336 0.8985953027 1.05)
(0.8309937002 0.910688232 1.05)
(0.8578663668 0.9227811613 1.05)
(0.8847390334 0.9348740907 1.05)
(0.9116117 0.94696702 1.05)
(0.7530779146 0.9608913834 1.05)
(0.7847846717 0.9651775747 1.05)
(0.8164914288 0.969463766 1.05)
(0.8481981859 0.9737499573 1.05)
(0.8799049429 0.9780361487 1.05)
(0.9116117 0.98232234 1.05)
(0.7530779146 1.039108617 1.05)
(0.7847846717 1.034822425 1.05)
(0.8164914288 1.030536234 1.05)
(0.8481981859 1.026250043 1.05)
(0.8799049429 1.021963851 1.05)
(0.9116117 1.01767766 1.05)
(0.7772483671 1.113497627 1.05)
(0.8041210336 1.101404697 1.05)
(0.8309937002 1.089311768 1.05)
(0.8578663668 1.077218839 1.05)
(0.8847390334 1.065125909 1.05)
(0.9116117 1.05303298 1.05)
(0.8232233 1.1767767 1.05)
(0.84090098 1.15909902 1.05)
(0.85857866 1.14142134 1.05)
(0.87625634 1.12374366 1.05)
(0.89393402 1.10606598 1.05)
(0.9116117 1.0883883 1.05)
(0.8232233 0.8232233 1.2)
(0.84090098 0.84090098 1.2)
(0.85857866 0.85857866 1.2)
(0.87625634 0.87625634 1.2)
(0.89393402 0.89393402 1.2)
(0.9116117 0.9116117 1.2)
(0.7772483671 0.8865023733 1.2)
(0.8041210336 0.8985953027 1.2)
(0.8309937002 0.910688232 1.2)
(0.8578663668 0.9227811613 1.2)
(0.8847390334 0.9348740907 1.2)
(0.9116117 0.94696702 1.2)
(0.7530779146 0.9608913834 1.2)
(0.7847846717 0.9651775747 1.2)
(0.8164914288 0.969463766 1.2)
(0.8481981859 0.9737499573 1.2)
(0.8799049429 0.9780361487 1.2)
(0.9116117 0.98232234 1.2)
(0.7530779146 1.039108617 1.2)
(0.7847846717 1.034822425 1.2)
(0.8164914288 1.030536234 1.2)
(0.8481981859 1.026250043 1.2)
(0.8799049429 1.021963851 1.2)
(0.9116117 1.01767766 1.2)
(0.7772483671 1.113497627 1.2)
(0.8041210336 1.101404697 1.2)
(0.8309937002 1.089311768 1.2)
(0.8578663668 1.077218839 1.2)
(0.8847390334 1.065125909 1.2)
(0.9116117 1.05303298 1.2)
(0.8232233 1.1767767 1.2)
(0.84090098 1.15909902 1.2)
(0.85857866 1.14142134 1.2)
(0.87625634 1.12374366 1.2)
(0.89393402 1.10606598 1.2)
(0.9116117 1.0883883 1.2)
(0.8232233 0.8232233 1.35)
(0.84090098 0.84090098 1.35)
(0.85857866 0.85857866 1.35)
(0.87625634 0.87625634 1.35)
(0.89393402 0.89393402 1.35)
(0.9116117 0.9116117 1.35)
(0.7772483671 0.8865023733 1.35)
(0.8041210336 0.8985953027 1.35)
(0.8309937002 0.910688232 1.35)
(0.8578663668 0.9227811613 1.35)
(0.8847390334 0.9348740907 1.35)
(0.9116117 0.94696702 1.35)
(0.7530779146 0.9608913834 1.35)
(0.7847846717 0.9651775747 1.35)
(0.8164914288 0.969463766 1.35)
(0.8481981859 0.9737499573 1.35)
(0.8799049429 0.9780361487 1.35)
(0.9116117 0.98232234 1.35)
(0.7530779146 1.039108617 1.35)
(0.7847846717 1.034822425 1.35)
(0.8164914288 1.030536234 1.35)
(0.8481981859 1.026250043 1.35)
(0.8799049429 1.021963851 1.35)
(0.9116117 1.01767766 1.35)
(0.7772483671 1.113497627 1.35)
(0.8041210336 1.101404697 1.35)
(0.8309937002 1.089311768 1.35)
(0.8578663668 1.077218839 1.35)
(0.8847390334 1.065125909 1.35)
(0.9116117 1.05303298 1.35)
(0.8232233 1.1767767 1.35)
(0.84090098 1.15909902 1.35)
(0.85857866 1.14142134 1.35)
(0.87625634 1.12374366 1.35)
(0.89393402 1.10606598 1.35)
(0.9116117 1.0883883 1.35)
(0.8232233 0.8232233 1.5)
(0.84090098 0.84090098 1.5)
(0.85857866 0.85857866 1.5)
(0.87625634 0.87625634 1.5)
(0.89393402 0.89393402 1.5)
(0.9116117 0.9116117 1.5)
(0.7772483671 0.8865023733 1.5)
(0.8041210336 0.8985953027 1.5)
(0.8309937002 0.910688232 1.5)
(0.8578663668 0.9227811613 1.5)
(0.8847390334 0.9348740907 1.5)
(0.9116117 0.94696702 1.5)
(0.7530779146 0.9608913834 1.5)
(0.7847846717 0.9651775747 1.5)
(0.8164914288 0.969463766 1.5)
(0.8481981859 0.9737499573 1.5)
(0.8799049429 0.9780361487 1.5)
(0.9116117 0.98232234 1.5)
(0.7530779146 1.039108617 1.5)
(0.7847846717 1.034822425 1.5)
(0.8164914288 1.030536234 1.5)
(0.8481981859 1.026250043 1.5)
(0.8799049429 1.021963851 1.5)
(0.9116117 1.01767766 1.5)
(0.7772483671 1.113497627 1.5)
(0.8041210336 1.101404697 1.5)
(0.8309937002 1.089311768 1.5)
(0.8578663668 1.077218839 1.5)
(0.8847390334 1.065125909 1.5)
(0.9116117 1.05303298 1.5)
(0.8232233 1.1767767 1.5)
(0.84090098 1.15909902 1.5)
(0.85857866 1.14142134 1.5)
(0.87625634 1.12374366 1.5)
(0.89393402 1.10606598 1.5)
(0.9116117 1.0883883 1.5)
(0.8865023733 0.7772483671 0)
(0.9608913834 0.7530779146 0)
(1.039108617 0.7530779146 0)
(1.113497627 0.7772483671 0)
(1.1767767 0.8232233 0)
(0.8985953027 0.8041210336 0)
(0.9651775747 0.7847846717 0)
(1.034822425 0.7847846717 0)
(1.101404697 0.8041210336 0)
(1.15909902 0.84090098 0)
(0.910688232 0.8309937002 0)
(0.969463766 0.8164914288 0)
(1.030536234 0.8164914288 0)
(1.089311768 0.8309937002 0)
(1.14142134 0.85857866 0)
(0.9227811613 0.8578663668 0)
(0.9737499573 0.8481981859 0)
(1.026250043 0.8481981859 0)
(1.077218839 0.8578663668 0)
(1.12374366 0.87625634 0)
(0.9348740907 0.8847390334 0)
(0.9780361487 0.8799049429 0)
(1.021963851 0.8799049429 0)
(1.065125909 0.8847390334 0)
(1.10606598 0.89393402 0)
(0.94696702 0.9116117 0)
(0.98232234 0.9116117 0)
(1.01767766 0.9116117 0)
(1.05303298 0.9116117 0)
(1.0883883 0.9116117 0)
(0.8865023733 0.7772483671 0.15)
(0.9608913834 0.7530779146 0.15)
(1.039108617 0.7530779146 0.15)
(1.113497627 0.7772483671 0.15)
(1.1767767 0.8232233 0.15)
(0.8985953027 0.8041210336 0.15)
(0.9651775747 0.7847846717 0.15)
(1.034822425 0.7847846717 0.15)
(1.101404697 0.8041210336 0.15)
(1.15909902 0.84090098 0.15)
(0.910688232 0.8309937002 0.15)
(0.969463766 0.8164914288 0.15)
(1.030536234 0.8164914288 0.15)
(1.089311768 0.8309937002 0.15)
(1.14142134 0.85857866 0.15)
(0.9227811613 0.8578663668 0.15)
(0.9737499573 0.8481981859 0.15)
(1.026250043 0.8481981859 0.15)
(1.077218839 0.8578663668 0.15)
(1.12374366 0.87625634 0.15)
(0.9348740907 0.8847390334 0.15)
(0.9780361487 0.8799049429 0.15)
(1.021963851 0.8799049429 0.15)
(1.065125909 0.8847390334 0.15)
(1.10606598 0.89393402 0.15)
(0.94696702 0.9116117 0.15)
(0.98232234 0.9116117 0.15)
(1.01767766 0.9116117 0.15)
(1.05303298 0.9116117 0.15)
(1.0883883 0.9116117 0.15)
(0.8865023733 0.7772483671 0.3)
(0.9608913834 0.7530779146 0.3)
(1.039108617 0.7530779146 0.3)
(1.113497627 0.7772483671 0.3)
(1.1767767 0.8232233 0.3)
(0.8985953027 0.8041210336 0.3)
(0.9651775747 0.7847846717 0.3)
(1.034822425 0.7847846717 0.3)
(1.101404697 0.8041210336 0.3)
(1.15909902 0.84090098 0.3)
(0.910688232 0.8309937002 0.3)
(0.969463766 0.8164914288 0.3)
(1.030536234 0.8164914288 0.3)
(1.089311768 0.8309937002 0.3)
(1.14142134 0.85857866 0.3)
(0.9227811613 0.8578663668 0.3)
(0.9737499573 0.8481981859 0.3)
(1.026250043 0.8481981859 0.3)
(1.077218839 0.8578663668 0.3)
(1.12374366 0.87625634 0.3)
(0.9348740907 0.8847390334 0.3)
(0.9780361487 0.8799049429 0.3)
(1.021963851 0.8799049429 0.3)
(1.065125909 0.8847390334 0.3)
(1.10606598 0.89393402 0.3)
(0.94696702 0.9116117 0.3)
(0.98232234 0.9116117 0.3)
(1.01767766 0.9116117 0.3)
(1.05303298 0.9116117 0.3)
(1.0883883 0.9116117 0.3)
(0.8865023733 0.7772483671 0.45)
(0.9608913834 0.7530779146 0.45)
(1.039108617 0.7530779146 0.45)
(1.113497627 0.7772483671 0.45)
(1.1767767 0.8232233 0.45)
(0.8985953027 0.8041210336 0.45)
(0.9651775747 0.7847846717 0.45)
(1.034822425 0.7847846717 0.45)
(1.101404697 0.8041210336 0.45)
(1.15909902 0.84090098 0.45)
(0.910688232 0.8309937002 0.45)
(0.969463766 0.8164914288 0.45)
(1.030536234 0.8164914288 0.45)
(1.089311768 0.8309937002 0.45)
(1.14142134 0.85857866 0.45)
(0.9227811613 0.8578663668 0.45)
(0.9737499573 0.8481981859 0.45)
(1.026250043 0.8481981859 0.45)
(1.077218839 0.8578663668 0.45)
(1.12374366 0.87625634 0.45)
(0.9348740907 0.8847390334 0.45)
(0.9780361487 0.8799049429 0.45)
(1.021963851 0.8799049429 0.45)
(1.065125909 0.8847390334 0.45)
(1.10606598 0.89393402 0.45)
(0.94696702 0.9116117 0.45)
(0.98232234 0.9116117 0.45)
(1.01767766 0.9116117 0.45)
(1.05303298 0.9116117 0.45)
(1.0883883 0.9116117 0.45)
(0.8865023733 0.7772483671 0.6)
(0.9608913834 0.7530779146 0.6)
(1.039108617 0.7530779146 0.6)
(1.113497627 0.7772483671 0.6)
(1.1767767 0.8232233 0.6)
(0.8985953027 0.8041210336 0.6)
(0.9651775747 0.7847846717 0.6)
(1.034822425 0.7847846717 0.6)
(1.101404697 0.8041210336 0.6)
(1.15909902 0.84090098 0.6)
(0.910688232 0.8309937002 0.6)
(0.969463766 0.8164914288 0.6)
(1.030536234 0.8164914288 0.6)
(1.089311768 0.8309937002 0.6)
(1.14142134 0.85857866 0.6)
(0.9227811613 0.8578663668 0.6)
(0.9737499573 0.8481981859 0.6)
(1.026250043 0.8481981859 0.6)
(1.077218839 0.8578663668 0.6)
(1.12374366 0.87625634 0.6)
(0.9348740907 0.8847390334 0.6)
(0.9780361487 0.8799049429 0.6)
(1.021963851 0.8799049429 0.6)
(1.065125909 0.8847390334 0.6)
(1.10606598 0.89393402 0.6)
(0.94696702 0.9116117 0.6)
(0.98232234 0.9116117 0.6)
(1.01767766 0.9116117 0.6)
(1.05303298 0.9116117 0.6)
(1.0883883 0.9116117 0.6)
(0.8865023733 0.7772483671 0.75)
(0.9608913834 0.7530779146 0.75)
(1.039108617 0.7530779146 0.75)
(1.113497627 0.7772483671 0.75)
(1.1767767 0.8232233 0.75)
(0.8985953027 0.8041210336 0.75)
(0.9651775747 0.7847846717 0.75)
(1.034822425 0.7847846717 0.75)
(1.101404697 0.8041210336 0.75)
(1.15909902 0.84090098 0.75)
(0.910688232 0.8309937002 0.75)
(0.969463766 0.8164914288 0.75)
(1.030536234 0.8164914288 0.75)
(1.089311768 0.8309937002 0.75)
(1.14142134 0.85857866 0.75)
(0.9227811613 0.8578663668 0.75)
(0.9737499573 0.8481981859 0.75)
(1.026250043 0.8481981859 0.75)
(1.077218839 0.8578663668 0.75)
(1.12374366 0.87625634 0.75)
(0.9348740907 0.8847390334 0.75)
(0.9780361487 0.8799049429 0.75)
(1.021963851 0.8799049429 0.75)
(1.065125909 0.8847390334 0.75)
(1.10606598 0.89393402 0.75)
(0.94696702 0.9116117 0.75)
(0.98232234 0.9116117 0.75)
(1.01767766 0.9116117 0.75)
(1.05303298 0.9116117 0.75)
(1.0883883 0.9116117 0.75)
(0.8865023733 0.7772483671 0.9)
(0.9608913834 0.7530779146 0.9)
(1.039108617 0.7530779146 0.9)
(1.113497627 0.7772483671 0.9)
(1.1767767 0.8232233 0.9)
(0.8985953027 0.8041210336 0.9)
(0.9651775747 0.7847846717 0.9)
(1.034822425 0.7847846717 0.9)
(1.101404697 0.8041210336 0.9)
(1.15909902 0.84090098 0.9)
(0.910688232 0.8309937002 0.9)
(0.969463766 0.8164914288 0.9)
(1.030536234 0.8164914288 0.9)
(1.089311768 0.8309937002 0.9)
(1.14142134 0.85857866 0.9)
(0.9227811613 0.8578663668 0.9)
(0.9737499573 0.8481981859 0.9)
(1.026250043 0.8481981859 0.9)
(1.077218839 0.8578663668 0.9)
(1.12374366 0.87625634 0.9)
(0.9348740907 0.8847390334 0.9)
(0.9780361487 0.8799049429 0.9)
(1.021963851 0.8799049429 0.9)
(1.065125909 0.8847390334 0.9)
(1.10606598 0.89393402 0.9)
(0.94696702 0.9116117 0.9)
(0.98232234 0.9116117 0.9)
(1.01767766 0.9116117 0.9)
(1.05303298 0.9116117 0.9)
(1.0883883 0.9116117 0.9)
(0.8865023733 0.7772483671 1.05)
(0.9608913834 0.7530779146 1.05)
(1.039108617 0.7530779146 1.05)
(1.113497627 0.7772483671 1.05)
(1.1767767 0.8232233 1.05)
(0.8985953027 0.8041210336 1.05)
(0.9651775747 0.7847846717 1.05)
(1.034822425 0.7847846717 1.05)
(1.101404697 0.8041210336 1.05)
(1.15909902 0.84090098 1.05)
(0.910688232 0.8309937002 1.05)
(0.969463766 0.8164914288 1.05)
(1.030536234 0.8164914288 1.05)
(1.089311768 0.8309937002 1.05)
(1.14142134 0.85857866 1.05)
(0.9227811613 0.8578663668 1.05)
(0.9737499573 0.8481981859 1.05)
(1.026250043 0.8481981859 1.05)
(1.077218839 0.8578663668 1.05)
(1.12374366 0.87625634 1.05)
(0.9348740907 0.8847390334 1.05)
(0.9780361487 0.8799049429 1.05)
(1.021963851 0.8799049429 1.05)
(1.065125909 0.8847390334 1.05)
(1.10606598 0.89393402 1.05)
(0.94696702 0.9116117 1.05)
(0.98232234 0.9116117 1.05)
(1.01767766 0.9116117 1.05)
(1.05303298 0.9116117 1.05)
(1.0883883 0.9116117 1.05)
(0.8865023733 0.7772483671 1.2)
(0.9608913834 0.7530779146 1.2)
(1.039108617 0.7530779146 1.2)
(1.113497627 0.7772483671 1.2)
(1.1767767 0.8232233 1.2)
(0.8985953027 0.8041210336 1.2)
(0.9651775747 0.7847846717 1.2)
(1.034822425 0.7847846717 1.2)
(1.101404697 0.8041210336 1.2)
(1.15909902 0.84090098 1.2)
(0.910688232 0.8309937002 1.2)
(0.969463766 0.8164914288 1.2)
(1.030536234 0.8164914288 1.2)
(1.089311768 0.8309937002 1.2)
(1.14142134 0.85857866 1.2)
(0.9227811613 0.8578663668 1.2)
(0.9737499573 0.8481981859 1.2)
(1.026250043 0.8481981859 1.2)
(1.077218839 0.8578663668 1.2)
(1.12374366 0.87625634 1.2)
(0.9348740907 0.8847390334 1.2)
(0.9780361487 0.8799049429 1.2)
(1.021963851 0.8799049429 1.2)
(1.065125909 0.8847390334 1.2)
(1.10606598 0.89393402 1.2)
(0.94696702 0.9116117 1.2)
(0.98232234 0.9116117 1.2)
(1.01767766 0.9116117 1.2)
(1.05303298 0.9116117 1.2)
(1.0883883 0.9116117 1.2)
(0.8865023733 0.7772483671 1.35)
(0.9608913834 0.7530779146 1.35)
(1.039108617 0.7530779146 1.35)
(1.113497627 0.7772483671 1.35)
(1.1767767 0.8232233 1.35)
(0.8985953027 0.8041210336 1.35)
(0.9651775747 0.7847846717 1.35)
(1.034822425 0.7847846717 1.35)
(1.101404697 0.8041210336 1.35)
(1.15909902 0.84090098 1.35)
(0.910688232 0.8309937002 1.35)
(0.969463766 0.8164914288 1.35)
(1.030536234 0.8164914288 1.35)
(1.089311768 0.8309937002 1.35)
(1.14142134 0.85857866 1.35)
(0.9227811613 0.8578663668 1.35)
(0.9737499573 0.8481981859 1.35)
(1.026250043 0.8481981859 1.35)
(1.077218839 0.8578663668 1.35)
(1.12374366 0.87625634 1.35)
(0.9348740907 0.8847390334 1.35)
(0.9780361487 0.8799049429 1.35)
(1.021963851 0.8799049429 1.35)
(1.065125909 0.8847390334 1.35)
(1.10606598 0.89393402 1.35)
(0.94696702 0.9116117 1.35)
(0.98232234 0.9116117 1.35)
(1.01767766 0.9116117 1.35)
(1.05303298 0.9116117 1.35)
(1.0883883 0.9116117 1.35)
(0.8865023733 0.7772483671 1.5)
(0.9608913834 0.7530779146 1.5)
(1.039108617 0.7530779146 1.5)
(1.113497627 0.7772483671 1.5)
(1.1767767 0.8232233 1.5)
(0.8985953027 0.8041210336 1.5)
(0.9651775747 0.7847846717 1.5)
(1.034822425 0.7847846717 1.5)
(1.101404697 0.8041210336 1.5)
(1.15909902 0.84090098 1.5)
(0.910688232 0.8309937002 1.5)
(0.969463766 0.8164914288 1.5)
(1.030536234 0.8164914288 1.5)
(1.089311768 0.8309937002 1.5)
(1.14142134 0.85857866 1.5)
(0.9227811613 0.8578663668 1.5)
(0.9737499573 0.8481981859 1.5)
(1.026250043 0.8481981859 1.5)
(1.077218839 0.8578663668 1.5)
(1.12374366 0.87625634 1.5)
(0.9348740907 0.8847390334 1.5)
(0.9780361487 0.8799049429 1.5)
(1.021963851 0.8799049429 1.5)
(1.065125909 0.8847390334 1.5)
(1.10606598 0.89393402 1.5)
(0.94696702 0.9116117 1.5)
(0.98232234 0.9116117 1.5)
(1.01767766 0.9116117 1.5)
(1.05303298 0.9116117 1.5)
(1.0883883 0.9116117 1.5)
(1.0883883 0.94696702 0)
(1.115260967 0.9348740907 0)
(1.142133633 0.9227811613 0)
(1.1690063 0.910688232 0)
(1.195878966 0.8985953027 0)
(1.222751633 0.8865023733 0)
(1.0883883 0.98232234 0)
(1.120095057 0.9780361487 0)
(1.151801814 0.9737499573 0)
(1.183508571 0.969463766 0)
(1.215215328 0.9651775747 0)
(1.246922085 0.9608913834 0)
(1.0883883 1.01767766 0)
(1.120095057 1.021963851 0)
(1.151801814 1.026250043 0)
(1.183508571 1.030536234 0)
(1.215215328 1.034822425 0)
(1.246922085 1.039108617 0)
(1.0883883 1.05303298 0)
(1.115260967 1.065125909 0)
(1.142133633 1.077218839 0)
(1.1690063 1.089311768 0)
(1.195878966 1.101404697 0)
(1.222751633 1.113497627 0)
(1.0883883 1.0883883 0)
(1.10606598 1.10606598 0)
(1.12374366 1.12374366 0)
(1.14142134 1.14142134 0)
(1.15909902 1.15909902 0)
(1.1767767 1.1767767 0)
(1.0883883 0.94696702 0.15)
(1.115260967 0.9348740907 0.15)
(1.142133633 0.9227811613 0.15)
(1.1690063 0.910688232 0.15)
(1.195878966 0.8985953027 0.15)
(1.222751633 0.8865023733 0.15)
(1.0883883 0.98232234 0.15)
(1.120095057 0.9780361487 0.15)
(1.151801814 0.9737499573 0.15)
(1.183508571 0.969463766 0.15)
(1.215215328 0.9651775747 0.15)
(1.246922085 0.9608913834 0.15)
(1.0883883 1.01767766 0.15)
(1.120095057 1.021963851 0.15)
(1.151801814 1.026250043 0.15)
(1.183508571 1.030536234 0.15)
(1.215215328 1.034822425 0.15)
(1.246922085 1.039108617 0.15)
(1.0883883 1.05303298 0.15)
(1.115260967 1.065125909 0.15)
(1.142133633 1.077218839 0.15)
(1.1690063 1.089311768 0.15)
(1.195878966 1.101404697 0.15)
(1.222751633 1.113497627 0.15)
(1.0883883 1.0883883 0.15)
(1.10606598 1.10606598 0.15)
(1.12374366 1.12374366 0.15)
(1.14142134 1.14142134 0.15)
(1.15909902 1.15909902 0.15)
(1.1767767 1.1767767 0.15)
(1.0883883 0.94696702 0.3)
(1.115260967 0.9348740907 0.3)
(1.142133633 0.9227811613 0.3)
(1.1690063 0.910688232 0.3)
(1.195878966 0.8985953027 0.3)
(1.222751633 0.8865023733 0.3)
(1.0883883 0.98232234 0.3)
(1.120095057 0.9780361487 0.3)
(1.151801814 0.9737499573 0.3)
(1.183508571 0.969463766 0.3)
(1.215215328 0.9651775747 0.3)
(1.246922085 0.9608913834 0.3)
(1.0883883 1.01767766 0.3)
(1.120095057 1.021963851 0.3)
(1.151801814 1.026250043 0.3)
(1.183508571 1.030536234 0.3)
(1.215215328 1.034822425 0.3)
(1.246922085 1.039108617 0.3)
(1.0883883 1.05303298 0.3)
(1.115260967 1.065125909 0.3)
(1.142133633 1.077218839 0.3)
(1.1690063 1.089311768 0.3)
(1.195878966 1.101404697 0.3)
(1.222751633 1.113497627 0.3)
(1.0883883 1.0883883 0.3)
(1.10606598 1.10606598 0.3)
(1.12374366 1.12374366 0.3)
(1.14142134 1.14142134 0.3)
(1.15909902 1.15909902 0.3)
(1.1767767 1.1767767 0.3)
(1.0883883 0.94696702 0.45)
(1.115260967 0.9348740907 0.45)
(1.142133633 0.9227811613 0.45)
(1.1690063 0.910688232 0.45)
(1.195878966 0.8985953027 0.45)
(1.222751633 0.8865023733 0.45)
(1.0883883 0.98232234 0.45)
(1.120095057 0.9780361487 0.45)
(1.151801814 0.9737499573 0.45)
(1.183508571 0.969463766 0.45)
(1.215215328 0.9651775747 0.45)
(1.246922085 0.9608913834 0.45)
(1.0883883 1.01767766 0.45)
(1.120095057 1.021963851 0.45)
(1.151801814 1.026250043 0.45)
(1.183508571 1.030536234 0.45)
(1.215215328 1.034822425 0.45)
(1.246922085 1.039108617 0.45)
(1.0883883 1.05303298 0.45)
(1.115260967 1.065125909 0.45)
(1.142133633 1.077218839 0.45)
(1.1690063 1.089311768 0.45)
(1.195878966 1.101404697 0.45)
(1.222751633 1.113497627 0.45)
(1.0883883 1.0883883 0.45)
(1.10606598 1.10606598 0.45)
(1.12374366 1.12374366 0.45)
(1.14142134 1.14142134 0.45)
(1.15909902 1.15909902 0.45)
(1.1767767 1.1767767 0.45)
(1.0883883 0.94696702 0.6)
(1.115260967 0.9348740907 0.6)
(1.142133633 0.9227811613 0.6)
(1.1690063 0.910688232 0.6)
(1.195878966 0.8985953027 0.6)
(1.222751633 0.8865023733 0.6)
(1.0883883 0.98232234 0.6)
(1.120095057 0.9780361487 0.6)
(1.151801814 0.9737499573 0.6)
(1.183508571 0.969463766 0.6)
(1.215215328 0.9651775747 0.6)
(1.246922085 0.9608913834 0.6)
(1.0883883 1.01767766 0.6)
(1.120095057 1.021963851 0.6)
(1.151801814 1.026250043 0.6)
(1.183508571 1.030536234 0.6)
(1.215215328 1.034822425 0.6)
(1.246922085 1.039108617 0.6)
(1.0883883 1.05303298 0.6)
(1.115260967 1.065125909 0.6)
(1.142133633 1.077218839 0.6)
(1.1690063 1.089311768 0.6)
(1.195878966 1.101404697 0.6)
(1.222751633 1.113497627 0.6)
(1.0883883 1.0883883 0.6)
(1.10606598 1.10606598 0.6)
(1.12374366 1.12374366 0.6)
(1.14142134 1.14142134 0.6)
(1.15909902 1.15909902 0.6)
(1.1767767 1.1767767 0.6)
(1.0883883 0.94696702 0.75)
(1.115260967 0.9348740907 0.75)
(1.142133633 0.9227811613 0.75)
(1.1690063 0.910688232 0.75)
(1.195878966 0.8985953027 0.75)
(1.222751633 0.8865023733 0.75)
(1.0883883 0.98232234 0.75)
(1.120095057 0.9780361487 0.75)
(1.151801814 0.9737499573 0.75)
(1.183508571 0.969463766 0.75)
(1.215215328 0.9651775747 0.75)
(1.246922085 0.9608913834 0.75)
(1.0883883 1.01767766 0.75)
(1.120095057 1.021963851 0.75)
(1.151801814 1.026250043 0.75)
(1.183508571 1.030536234 0.75)
(1.215215328 1.034822425 0.75)
(1.246922085 1.039108617 0.75)
(1.0883883 1.05303298 0.75)
(1.115260967 1.065125909 0.75)
(1.142133633 1.077218839 0.75)
(1.1690063 1.089311768 0.75)
(1.195878966 1.101404697 0.75)
(1.222751633 1.113497627 0.75)
(1.0883883 1.0883883 0.75)
(1.10606598 1.10606598 0.75)
(1.12374366 1.12374366 0.75)
(1.14142134 1.14142134 0.75)
(1.15909902 1.15909902 0.75)
(1.1767767 1.1767767 0.75)
(1.0883883 0.94696702 0.9)
(1.115260967 0.9348740907 0.9)
(1.142133633 0.9227811613 0.9)
(1.1690063 0.910688232 0.9)
(1.195878966 0.8985953027 0.9)
(1.222751633 0.8865023733 0.9)
(1.0883883 0.98232234 0.9)
(1.120095057 0.9780361487 0.9)
(1.151801814 0.9737499573 0.9)
(1.183508571 0.969463766 0.9)
(1.215215328 0.9651775747 0.9)
(1.246922085 0.9608913834 0.9)
(1.0883883 1.01767766 0.9)
(1.120095057 1.021963851 0.9)
(1.151801814 1.026250043 0.9)
(1.183508571 1.030536234 0.9)
(1.215215328 1.034822425 0.9)
(1.246922085 1.039108617 0.9)
(1.0883883 1.05303298 0.9)
(1.115260967 1.065125909 0.9)
(1.142133633 1.077218839 0.9)
(1.1690063 1.089311768 0.9)
(1.195878966 1.101404697 0.9)
(1.222751633 1.113497627 0.9)
(1.0883883 1.0883883 0.9)
(1.10606598 1.10606598 0.9)
(1.12374366 1.12374366 0.9)
(1.14142134 1.14142134 0.9)
(1.15909902 1.15909902 0.9)
(1.1767767 1.1767767 0.9)
(1.0883883 0.94696702 1.05)
(1.115260967 0.9348740907 1.05)
(1.142133633 0.9227811613 1.05)
(1.1690063 0.910688232 1.05)
(1.195878966 0.8985953027 1.05)
(1.222751633 0.8865023733 1.05)
(1.0883883 0.98232234 1.05)
(1.120095057 0.9780361487 1.05)
(1.151801814 0.9737499573 1.05)
(1.183508571 0.969463766 1.05)
(1.215215328 0.9651775747 1.05)
(1.246922085 0.9608913834 1.05)
(1.0883883 1.01767766 1.05)
(1.120095057 1.021963851 1.05)
(1.151801814 1.026250043 1.05)
(1.183508571 1.030536234 1.05)
(1.215215328 1.034822425 1.05)
(1.246922085 1.039108617 1.05)
(1.0883883 1.05303298 1.05)
(1.115260967 1.065125909 1.05)
(1.142133633 1.077218839 1.05)
(1.1690063 1.089311768 1.05)
(1.195878966 1.101404697 1.05)
(1.222751633 1.113497627 1.05)
(1.0883883 1.0883883 1.05)
(1.10606598 1.10606598 1.05)
(1.12374366 1.12374366 1.05)
(1.14142134 1.14142134 1.05)
(1.15909902 1.15909902 1.05)
(1.1767767 1.1767767 1.05)
(1.0883883 0.94696702 1.2)
(1.115260967 0.9348740907 1.2)
(1.142133633 0.9227811613 1.2)
(1.1690063 0.910688232 1.2)
(1.195878966 0.8985953027 1.2)
(1.222751633 0.8865023733 1.2)
(1.0883883 0.98232234 1.2)
(1.120095057 0.9780361487 1.2)
(1.151801814 0.9737499573 1.2)
(1.183508571 0.969463766 1.2)
(1.215215328 0.9651775747 1.2)
(1.246922085 0.9608913834 1.2)
(1.0883883 1.01767766 1.2)
(1.120095057 1.021963851 1.2)
(1.151801814 1.026250043 1.2)
(1.183508571 1.030536234 1.2)
(1.215215328 1.034822425 1.2)
(1.246922085 1.039108617 1.2)
(1.0883883 1.05303298 1.2)
(1.115260967 1.065125909 1.2)
(1.142133633 1.077218839 1.2)
(1.1690063 1.089311768 1.2)
(1.195878966 1.101404697 1.2)
(1.222751633 1.113497627 1.2)
(1.0883883 1.0883883 1.2)
(1.10606598 1.10606598 1.2)
(1.12374366 1.12374366 1.2)
(1.14142134 1.14142134 1.2)
(1.15909902 1.15909902 1.2)
(1.1767767 1.1767767 1.2)
(1.0883883 0.94696702 1.35)
(1.115260967 0.9348740907 1.35)
(1.142133633 0.9227811613 1.35)
(1.1690063 0.910688232 1.35)
(1.195878966 0.8985953027 1.35)
(1.222751633 0.8865023733 1.35)
(1.0883883 0.98232234 1.35)
(1.120095057 0.9780361487 1.35)
(1.151801814 0.9737499573 1.35)
(1.183508571 0.969463766 1.35)
(1.215215328 0.9651775747 1.35)
(1.246922085 0.9608913834 1.35)
(1.0883883 1.01767766 1.35)
(1.120095057 1.021963851 1.35)
(1.151801814 1.026250043 1.35)
(1.183508571 1.030536234 1.35)
(1.215215328 1.034822425 1.35)
(1.246922085 1.039108617 1.35)
(1.0883883 1.05303298 1.35)
(1.115260967 1.065125909 1.35)
(1.142133633 1.077218839 1.35)
(1.1690063 1.089311768 1.35)
(1.195878966 1.101404697 1.35)
(1.222751633 1.113497627 1.35)
(1.0883883 1.0883883 1.35)
(1.10606598 1.10606598 1.35)
(1.12374366 1.12374366 1.35)
(1.14142134 1.14142134 1.35)
(1.15909902 1.15909902 1.35)
(1.1767767 1.1767767 1.35)
(1.0883883 0.94696702 1.5)
(1.115260967 0.9348740907 1.5)
(1.142133633 0.9227811613 1.5)
(1.1690063 0.910688232 1.5)
(1.195878966 0.8985953027 1.5)
(1.222751633 0.8865023733 1.5)
(1.0883883 0.98232234 1.5)
(1.120095057 0.9780361487 1.5)
(1.151801814 0.9737499573 1.5)
(1.183508571 0.969463766 1.5)
(1.215215328 0.9651775747 1.5)
(1.246922085 0.9608913834 1.5)
(1.0883883 1.01767766 1.5)
(1.120095057 1.021963851 1.5)
(1.151801814 1.026250043 1.5)
(1.183508571 1.030536234 1.5)
(1.215215328 1.034822425 1.5)
(1.246922085 1.039108617 1.5)
(1.0883883 1.05303298 1.5)
(1.115260967 1.065125909 1.5)
(1.142133633 1.077218839 1.5)
(1.1690063 1.089311768 1.5)
(1.195878966 1.101404697 1.5)
(1.222751633 1.113497627 1.5)
(1.0883883 1.0883883 1.5)
(1.10606598 1.10606598 1.5)
(1.12374366 1.12374366 1.5)
(1.14142134 1.14142134 1.5)
(1.15909902 1.15909902 1.5)
(1.1767767 1.1767767 1.5)
(0.94696702 1.0883883 0)
(0.98232234 1.0883883 0)
(1.01767766 1.0883883 0)
(1.05303298 1.0883883 0)
(0.9348740907 1.115260967 0)
(0.9780361487 1.120095057 0)
(1.021963851 1.120095057 0)
(1.065125909 1.115260967 0)
(0.9227811613 1.142133633 0)
(0.9737499573 1.151801814 0)
(1.026250043 1.151801814 0)
(1.077218839 1.142133633 0)
(0.910688232 1.1690063 0)
(0.969463766 1.183508571 0)
(1.030536234 1.183508571 0)
(1.089311768 1.1690063 0)
(0.8985953027 1.195878966 0)
(0.9651775747 1.215215328 0)
(1.034822425 1.215215328 0)
(1.101404697 1.195878966 0)
(0.8865023733 1.222751633 0)
(0.9608913834 1.246922085 0)
(1.039108617 1.246922085 0)
(1.113497627 1.222751633 0)
(0.94696702 1.0883883 0.15)
(0.98232234 1.0883883 0.15)
(1.01767766 1.0883883 0.15)
(1.05303298 1.0883883 0.15)
(0.9348740907 1.115260967 0.15)
(0.9780361487 1.120095057 0.15)
(1.021963851 1.120095057 0.15)
(1.065125909 1.115260967 0.15)
(0.9227811613 1.142133633 0.15)
(0.9737499573 1.151801814 0.15)
(1.026250043 1.151801814 0.15)
(1.077218839 1.142133633 0.15)
(0.910688232 1.1690063 0.15)
(0.969463766 1.183508571 0.15)
(1.030536234 1.183508571 0.15)
(1.089311768 1.1690063 0.15)
(0.8985953027 1.195878966 0.15)
(0.9651775747 1.215215328 0.15)
(1.034822425 1.215215328 0.15)
(1.101404697 1.195878966 0.15)
(0.8865023733 1.222751633 0.15)
(0.9608913834 1.246922085 0.15)
(1.039108617 1.246922085 0.15)
(1.113497627 1.222751633 0.15)
(0.94696702 1.0883883 0.3)
(0.98232234 1.0883883 0.3)
(1.01767766 1.0883883 0.3)
(1.05303298 1.0883883 0.3)
(0.9348740907 1.115260967 0.3)
(0.9780361487 1.120095057 0.3)
(1.021963851 1.120095057 0.3)
(1.065125909 1.115260967 0.3)
(0.9227811613 1.142133633 0.3)
(0.9737499573 1.151801814 0.3)
(1.026250043 1.151801814 0.3)
(1.077218839 1.142133633 0.3)
(0.910688232 1.1690063 0.3)
(0.969463766 1.183508571 0.3)
(1.030536234 1.183508571 0.3)
(1.089311768 1.1690063 0.3)
(0.8985953027 1.195878966 0.3)
(0.9651775747 1.215215328 0.3)
(1.034822425 1.215215328 0.3)
(1.101404697 1.195878966 0.3)
(0.8865023733 1.222751633 0.3)
(0.9608913834 1.246922085 0.3)
(1.039108617 1.246922085 0.3)
(1.113497627 1.222751633 0.3)
(0.94696702 1.0883883 0.45)
(0.98232234 1.0883883 0.45)
(1.01767766 1.0883883 0.45)
(1.05303298 1.0883883 0.45)
(0.9348740907 1.115260967 0.45)
(0.9780361487 1.120095057 0.45)
(1.021963851 1.120095057 0.45)
(1.065125909 1.115260967 0.45)
(0.9227811613 1.142133633 0.45)
(0.9737499573 1.151801814 0.45)
(1.026250043 1.151801814 0.45)
(1.077218839 1.142133633 0.45)
(0.910688232 1.1690063 0.45)
(0.969463766 1.183508571 0.45)
(1.030536234 1.183508571 0.45)
(1.089311768 1.1690063 0.45)
(0.8985953027 1.195878966 0.45)
(0.9651775747 1.215215328 0.45)
(1.034822425 1.215215328 0.45)
(1.101404697 1.195878966 0.45)
(0.8865023733 1.222751633 0.45)
(0.9608913834 1.246922085 0.45)
(1.039108617 1.246922085 0.45)
(1.113497627 1.222751633 0.45)
(0.94696702 1.0883883 0.6)
(0.98232234 1.0883883 0.6)
(1.01767766 1.0883883 0.6)
(1.05303298 1.0883883 0.6)
(0.9348740907 1.115260967 0.6)
(0.9780361487 1.120095057 0.6)
(1.021963851 1.120095057 0.6)
(1.065125909 1.115260967 0.6)
(0.9227811613 1.142133633 0.6)
(0.9737499573 1.151801814 0.6)
(1.026250043 1.151801814 0.6)
(1.077218839 1.142133633 0.6)
(0.910688232 1.1690063 0.6)
(0.969463766 1.183508571 0.6)
(1.030536234 1.183508571 0.6)
(1.089311768 1.1690063 0.6)
(0.8985953027 1.195878966 0.6)
(0.9651775747 1.215215328 0.6)
(1.034822425 1.215215328 0.6)
(1.101404697 1.195878966 0.6)
(0.8865023733 1.222751633 0.6)
(0.9608913834 1.246922085 0.6)
(1.039108617 1.246922085 0.6)
(1.113497627 1.222751633 0.6)
(0.94696702 1.0883883 0.75)
(0.98232234 1.0883883 0.75)
(1.01767766 1.0883883 0.75)
(1.05303298 1.0883883 0.75)
(0.9348740907 1.115260967 0.75)
(0.9780361487 1.120095057 0.75)
(1.021963851 1.120095057 0.75)
(1.065125909 1.115260967 0.75)
(0.9227811613 1.142133633 0.75)
(0.9737499573 1.151801814 0.75)
(1.026250043 1.151801814 0.75)
(1.077218839 1.142133633 0.75)
(0.910688232 1.1690063 0.75)
(0.969463766 1.183508571 0.75)
(1.030536234 1.183508571 0.75)
(1.089311768 1.1690063 0.75)
(0.8985953027 1.195878966 0.75)
(0.9651775747 1.215215328 0.75)
(1.034822425 1.215215328 0.75)
(1.101404697 1.195878966 0.75)
(0.8865023733 1.222751633 0.75)
(0.9608913834 1.246922085 0.75)
(1.039108617 1.246922085 0.75)
(1.113497627 1.222751633 0.75)
(0.94696702 1.0883883 0.9)
(0.98232234 1.0883883 0.9)
(1.01767766 1.0883883 0.9)
(1.05303298 1.0883883 0.9)
(0.9348740907 1.115260967 0.9)
(0.9780361487 1.120095057 0.9)
(1.021963851 1.120095057 0.9)
(1.065125909 1.115260967 0.9)
(0.9227811613 1.142133633 0.9)
(0.9737499573 1.151801814 0.9)
(1.026250043 1.151801814 0.9)
(1.077218839 1.142133633 0.9)
(0.910688232 1.1690063 0.9)
(0.969463766 1.183508571 0.9)
(1.030536234 1.183508571 0.9)
(1.089311768 1.1690063 0.9)
(0.8985953027 1.195878966 0.9)
(0.9651775747 1.215215328 0.9)
(1.034822425 1.215215328 0.9)
(1.101404697 1.195878966 0.9)
(0.8865023733 1.222751633 0.9)
(0.9608913834 1.246922085 0.9)
(1.039108617 1.246922085 0.9)
(1.113497627 1.222751633 0.9)
(0.94696702 1.0883883 1.05)
(0.98232234 1.0883883 1.05)
(1.01767766 1.0883883 1.05)
(1.05303298 1.0883883 1.05)
(0.9348740907 1.115260967 1.05)
(0.9780361487 1.120095057 1.05)
(1.021963851 1.120095057 1.05)
(1.065125909 1.115260967 1.05)
(0.9227811613 1.142133633 1.05)
(0.9737499573 1.151801814 1.05)
(1.026250043 1.151801814 1.05)
(1.077218839 1.142133633 1.05)
(0.910688232 1.1690063 1.05)
(0.969463766 1.183508571 1.05)
(1.030536234 1.183508571 1.05)
(1.089311768 1.1690063 1.05)
(0.8985953027 1.195878966 1.05)
(0.9651775747 1.215215328 1.05)
(1.034822425 1.215215328 1.05)
(1.101404697 1.195878966 1.05)
(0.8865023733 1.222751633 1.05)
(0.9608913834 1.246922085 1.05)
(1.039108617 1.246922085 1.05)
(1.113497627 1.222751633 1.05)
(0.94696702 1.0883883 1.2)
(0.98232234 1.0883883 1.2)
(1.01767766 1.0883883 1.2)
(1.05303298 1.0883883 1.2)
(0.9348740907 1.115260967 1.2)
(0.9780361487 1.120095057 1.2)
(1.021963851 1.120095057 1.2)
(1.065125909 1.115260967 1.2)
(0.9227811613 1.142133633 1.2)
(0.9737499573 1.151801814 1.2)
(1.026250043 1.151801814 1.2)
(1.077218839 1.142133633 1.2)
(0.910688232 1.1690063 1.2)
(0.969463766 1.183508571 1.2)
(1.030536234 1.183508571 1.2)
(1.089311768 1.1690063 1.2)
(0.8985953027 1.195878966 1.2)
(0.9651775747 1.215215328 1.2)
(1.034822425 1.215215328 1.2)
(1.101404697 1.195878966 1.2)
(0.8865023733 1.222751633 1.2)
(0.9608913834 1.246922085 1.2)
(1.039108617 1.246922085 1.2)
(1.113497627 1.222751633 1.2)
(0.94696702 1.0883883 1.35)
(0.98232234 1.0883883 1.35)
(1.01767766 1.0883883 1.35)
(1.05303298 1.0883883 1.35)
(0.9348740907 1.115260967 1.35)
(0.9780361487 1.120095057 1.35)
(1.021963851 1.120095057 1.35)
(1.065125909 1.115260967 1.35)
(0.9227811613 1.142133633 1.35)
(0.9737499573 1.151801814 1.35)
(1.026250043 1.151801814 1.35)
(1.077218839 1.142133633 1.35)
(0.910688232 1.1690063 1.35)
(0.969463766 1.183508571 1.35)
(1.030536234 1.183508571 1.35)
(1.089311768 1.1690063 1.35)
(0.8985953027 1.195878966 1.35)
(0.9651775747 1.215215328 1.35)
(1.034822425 1.215215328 1.35)
(1.101404697 1.195878966 1.35)
(0.8865023733 1.222751633 1.35)
(0.9608913834 1.246922085 1.35)
(1.039108617 1.246922085 1.35)
(1.113497627 1.222751633 1.35)
(0.94696702 1.0883883 1.5)
(0.98232234 1.0883883 1.5)
(1.01767766 1.0883883 1.5)
(1.05303298 1.0883883 1.5)
(0.9348740907 1.115260967 1.5)
(0.9780361487 1.120095057 1.5)
(1.021963851 1.120095057 1.5)
(1.065125909 1.115260967 1.5)
(0.9227811613 1.142133633 1.5)
(0.9737499573 1.151801814 1.5)
(1.026250043 1.151801814 1.5)
(1.077218839 1.142133633 1.5)
(0.910688232 1.1690063 1.5)
(0.969463766 1.183508571 1.5)
(1.030536234 1.183508571 1.5)
(1.089311768 1.1690063 1.5)
(0.8985953027 1.195878966 1.5)
(0.9651775747 1.215215328 1.5)
(1.034822425 1.215215328 1.5)
(1.101404697 1.195878966 1.5)
(0.8865023733 1.222751633 1.5)
(0.9608913834 1.246922085 1.5)
(1.039108617 1.246922085 1.5)
(1.113497627 1.222751633 1.5)
(0.94696702 0.94696702 0)
(0.98232234 0.94696702 0)
(1.01767766 0.94696702 0)
(1.05303298 0.94696702 0)
(0.94696702 0.98232234 0)
(0.98232234 0.98232234 0)
(1.01767766 0.98232234 0)
(1.05303298 0.98232234 0)
(0.94696702 1.01767766 0)
(0.98232234 1.01767766 0)
(1.01767766 1.01767766 0)
(1.05303298 1.01767766 0)
(0.94696702 1.05303298 0)
(0.98232234 1.05303298 0)
(1.01767766 1.05303298 0)
(1.05303298 1.05303298 0)
(0.94696702 0.94696702 0.15)
(0.98232234 0.94696702 0.15)
(1.01767766 0.94696702 0.15)
(1.05303298 0.94696702 0.15)
(0.94696702 0.98232234 0.15)
(0.98232234 0.98232234 0.15)
(1.01767766 0.98232234 0.15)
(1.05303298 0.98232234 0.15)
(0.94696702 1.01767766 0.15)
(0.98232234 1.01767766 0.15)
(1.01767766 1.01767766 0.15)
(1.05303298 1.01767766 0.15)
(0.94696702 1.05303298 0.15)
(0.98232234 1.05303298 0.15)
(1.01767766 1.05303298 0.15)
(1.05303298 1.05303298 0.15)
(0.94696702 0.94696702 0.3)
(0.98232234 0.94696702 0.3)
(1.01767766 0.94696702 0.3)
(1.05303298 0.94696702 0.3)
(0.94696702 0.98232234 0.3)
(0.98232234 0.98232234 0.3)
(1.01767766 0.98232234 0.3)
(1.05303298 0.98232234 0.3)
(0.94696702 1.01767766 0.3)
(0.98232234 1.01767766 0.3)
(1.01767766 1.01767766 0.3)
(1.05303298 1.01767766 0.3)
(0.94696702 1.05303298 0.3)
(0.98232234 1.05303298 0.3)
(1.01767766 1.05303298 0.3)
(1.05303298 1.05303298 0.3)
(0.94696702 0.94696702 0.45)
(0.98232234 0.94696702 0.45)
(1.01767766 0.94696702 0.45)
(1.05303298 0.94696702 0.45)
(0.94696702 0.98232234 0.45)
(0.98232234 0.98232234 0.45)
(1.01767766 0.98232234 0.45)
(1.05303298 0.98232234 0.45)
(0.94696702 1.01767766 0.45)
(0.98232234 1.01767766 0.45)
(1.01767766 1.01767766 0.45)
(1.05303298 1.01767766 0.45)
(0.94696702 1.05303298 0.45)
(0.98232234 1.05303298 0.45)
(1.01767766 1.05303298 0.45)
(1.05303298 1.05303298 0.45)
(0.94696702 0.94696702 0.6)
(0.98232234 0.94696702 0.6)
(1.01767766 0.94696702 0.6)
(1.05303298 0.94696702 0.6)
(0.94696702 0.98232234 0.6)
(0.98232234 0.98232234 0.6)
(1.01767766 0.98232234 0.6)
(1.05303298 0.98232234 0.6)
(0.94696702 1.01767766 0.6)
(0.98232234 1.01767766 0.6)
(1.01767766 1.01767766 0.6)
(1.05303298 1.01767766 0.6)
(0.94696702 1.05303298 0.6)
(0.98232234 1.05303298 0.6)
(1.01767766 1.05303298 0.6)
(1.05303298 1.05303298 0.6)
(0.94696702 0.94696702 0.75)
(0.98232234 0.94696702 0.75)
(1.01767766 0.94696702 0.75)
(1.05303298 0.94696702 0.75)
(0.94696702 0.98232234 0.75)
(0.98232234 0.98232234 0.75)
(1.01767766 0.98232234 0.75)
(1.05303298 0.98232234 0.75)
(0.94696702 1.01767766 0.75)
(0.98232234 1.01767766 0.75)
(1.01767766 1.01767766 0.75)
(1.05303298 1.01767766 0.75)
(0.94696702 1.05303298 0.75)
(0.98232234 1.05303298 0.75)
(1.01767766 1.05303298 0.75)
(1.05303298 1.05303298 0.75)
(0.94696702 0.94696702 0.9)
(0.98232234 0.94696702 0.9)
(1.01767766 0.94696702 0.9)
(1.05303298 0.94696702 0.9)
(0.94696702 0.98232234 0.9)
(0.98232234 0.98232234 0.9)
(1.01767766 0.98232234 0.9)
(1.05303298 0.98232234 0.9)
(0.94696702 1.01767766 0.9)
(0.98232234 1.01767766 0.9)
(1.01767766 1.01767766 0.9)
(1.05303298 1.01767766 0.9)
(0.94696702 1.05303298 0.9)
(0.98232234 1.05303298 0.9)
(1.01767766 1.05303298 0.9)
(1.05303298 1.05303298 0.9)
(0.94696702 0.94696702 1.05)
(0.98232234 0.94696702 1.05)
(1.01767766 0.94696702 1.05)
(1.05303298 0.94696702 1.05)
(0.94696702 0.98232234 1.05)
(0.98232234 0.98232234 1.05)
(1.01767766 0.98232234 1.05)
(1.05303298 0.98232234 1.05)
(0.94696702 1.01767766 1.05)
(0.98232234 1.01767766 1.05)
(1.01767766 1.01767766 1.05)
(1.05303298 1.01767766 1.05)
(0.94696702 1.05303298 1.05)
(0.98232234 1.05303298 1.05)
(1.01767766 1.05303298 1.05)
(1.05303298 1.05303298 1.05)
(0.94696702 0.94696702 1.2)
(0.98232234 0.94696702 1.2)
(1.01767766 0.94696702 1.2)
(1.05303298 0.94696702 1.2)
(0.94696702 0.98232234 1.2)
(0.98232234 0.98232234 1.2)
(1.01767766 0.98232234 1.2)
(1.05303298 0.98232234 1.2)
(0.94696702 1.01767766 1.2)
(0.98232234 1.01767766 1.2)
(1.01767766 1.01767766 1.2)
(1.05303298 1.01767766 1.2)
(0.94696702 1.05303298 1.2)
(0.98232234 1.05303298 1.2)
(1.01767766 1.05303298 1.2)
(1.05303298 1.05303298 1.2)
(0.94696702 0.94696702 1.35)
(0.98232234 0.94696702 1.35)
(1.01767766 0.94696702 1.35)
(1.05303298 0.94696702 1.35)
(0.94696702 0.98232234 1.35)
(0.98232234 0.98232234 1.35)
(1.01767766 0.98232234 1.35)
(1.05303298 0.98232234 1.35)
(0.94696702 1.01767766 1.35)
(0.98232234 1.01767766 1.35)
(1.01767766 1.01767766 1.35)
(1.05303298 1.01767766 1.35)
(0.94696702 1.05303298 1.35)
(0.98232234 1.05303298 1.35)
(1.01767766 1.05303298 1.35)
(1.05303298 1.05303298 1.35)
(0.94696702 0.94696702 1.5)
(0.98232234 0.94696702 1.5)
(1.01767766 0.94696702 1.5)
(1.05303298 0.94696702 1.5)
(0.94696702 0.98232234 1.5)
(0.98232234 0.98232234 1.5)
(1.01767766 0.98232234 1.5)
(1.05303298 0.98232234 1.5)
(0.94696702 1.01767766 1.5)
(0.98232234 1.01767766 1.5)
(1.01767766 1.01767766 1.5)
(1.05303298 1.01767766 1.5)
(0.94696702 1.05303298 1.5)
(0.98232234 1.05303298 1.5)
(1.01767766 1.05303298 1.5)
(1.05303298 1.05303298 1.5)
)


// ************************************************************************* //
