/*--------------------------------*- C++ -*----------------------------------*\
| =========                 |                                                 |
| \\      /  F ield         | foam-extend: Open Source CFD                    |
|  \\    /   O peration     | Version:     4.0                                |
|   \\  /    A nd           | Web:         http://www.foam-extend.org         |
|    \\/     M anipulation  |                                                 |
\*---------------------------------------------------------------------------*/
FoamFile
{
    version     2.0;
    format      ascii;
    class       faceList;
    location    "constant/polyMesh";
    object      faces;
}
// * * * * * * * * * * * * * * * * * * * * * * * * * * * * * * * * * * * * * //


39
(
4(4 5 7 6)
4(0 4 6 2)
4(0 1 5 4)
4(1 3 7 5)
4(2 6 7 3)
4(4 8 10 6)
4(4 5 9 8)
4(5 7 11 9)
4(6 10 11 7)
4(14 4 6 15)
4(12 0 4 14)
4(13 15 6 2)
4(14 4 8 16)
4(15 17 10 6)
4(19 5 4 14)
4(18 1 5 19)
4(19 5 9 20)
4(22 7 5 19)
4(21 3 7 22)
4(22 7 11 23)
4(15 6 7 22)
4(8 9 11 10)
4(16 8 10 17)
4(20 9 8 16)
4(23 11 9 20)
4(17 10 11 23)
4(18 19 14 12)
4(19 20 16 14)
4(21 22 19 18)
4(22 23 20 19)
4(13 15 22 21)
4(15 17 23 22)
4(12 14 15 13)
4(14 16 17 15)
4(0 2 3 1)
4(12 13 2 0)
4(18 12 0 1)
4(21 18 1 3)
4(13 21 3 2)
)


// ************************************************************************* //
